scores
0.96559685
0.055976495
0.9215656
0.9904412
0.9462941
0.5120099
0.98212606
0.97857124
0.9835946
0.985995
0.8327208
0.64008725
0.9801942
0.97388905
0.90340704
0.9733138
0.9756005
0.79665434
0.7435978
0.9862142
0.9177923
0.98836017
0.9285808
0.97689706
0.36772656
0.9794949
0.9854639
0.83256865
0.9492688
0.8346502
0.9726448
0.87719804
0.84203804
0.66309184
0.7626521
0.89270806
0.9894678
0.7733155
0.9583049
0.78426266
0.9581942
0.9289431
0.86529076
0.92384595
0.6920092
0.5343765
0.4784849
0.97748363
0.8328926
0.40444675
0.8971443
0.8721175
0.5296221
0.92956406
0.91953045
0.9835502
0.1343376
0.955839
0.91308266
0.99022394
0.93035704
0.858493
0.98289144
0.9289712
0.9219971
0.47650957
0.96193254
0.98797965
0.9055122
0.4066382
0.9234845
0.85841376
0.9019979
0.8361048
0.9841643
0.4346741
0.97799563
0.9701806
0.8954446
0.9645504
0.93717456
0.9745987
0.90137947
0.6331045
0.9119912
0.46599734
0.97594833
0.44085872
0.9159131
0.9455781
0.8495186
0.90811765
0.36683756
0.9151133
0.9643882
0.83756524
0.2688596
0.5150702
0.93504816
0.5548623
0.91956496
0.98174906
0.9839917
0.9597797
0.9568184
0.9283238
0.74191755
0.93951786
0.97495836
0.7238953
0.877046
0.0006112689
0.9087972
0.6449757
0.86607033
0.9627704
0.8737931
0.97836006
0.9572527
0.97926897
0.8756195
0.7995137
0.8785542
0.97175205
0.924844
0.9876254
0.98393273
0.7462293
0.99375373
0.98761636
0.7867665
0.99010205
0.8334449
0.9761628
0.96050316
0.96285516
0.6605355
0.87844944
0.9460653
0.5373605
0.008906454
0.9375172
0.955432
0.9760553
0.8519565
0.9759335
0.9479781
0.62079746
0.9882167
0.6908518
0.8766855
0.97412926
0.9342636
0.9625815
0.98290265
0.96517235
0.9690861
0.91541296
0.8791833
0.94103026
0.98607606
0.28840652
0.804732
0.89073175
0.95476705
0.77126855
0.9558735
0.14829312
0.9624083
0.93807507
0.7560015
0.9893115
0.8659618
0.9435026
0.61261266
0.80206496
0.2541558
0.0009136051
0.9892679
0.8690613
0.9070192
0.917397
0.93334436
0.48959756
0.9702449
0.8018357
0.9889253
0.9673797
0.9445003
0.8724721
0.83934844
0.25414678
0.9565949
0.8013858
0.3942266
0.9756227
0.9888227
0.91173923
0.82926863
0.9239719
0.39747024
0.89587253
0.9856235
0.9790614
0.7401636
0.9828472
0.9396658
0.9710814
0.78790355
0.8871987
0.34742177
0.8918667
0.089035824
0.958282
0.9503168
0.98622525
0.87417436
0.9630052
0.97605896
0.99381953
0.9879218
0.31994274
0.8888991
0.9052881
0.97687894
0.9773383
0.8336487
0.9301902
0.5514719
0.9250714
0.71057177
0.9071431
0.6937074
0.98324883
0.9753504
0.9800409
0.7483984
0.8668724
0.9579607
0.974942
0.75524586
0.9884681
0.719946
0.95937234
0.9143804
0.95860535
0.9359573
0.98758173
0.97951674
0.9521608
0.7691508
0.9516356
0.9693904
0.9123253
0.9121866
0.98402816
0.9359418
0.834742
0.59473896
0.9759627
0.009811508
0.9258715
0.58785135
0.89682907
0.75900114
0.9370401
0.761099
0.06614621
0.9792291
0.94817185
0.99330634
0.9358368
0.9499465
0.9835931
0.51183933
0.97052324
0.9362313
0.9573495
0.9128497
0.68442833
0.9576589
0.91522616
0.7787019
0.6011599
0.96012133
0.6300486
0.8983356
0.9389034
0.9790947
0.9872203
0.9490269
0.8711941
0.97849303
0.84876615
0.5890864
0.9898061
0.8995385
0.98607004
0.9893378
0.7100852
0.76664513
0.9885975
0.07759398
0.9655536
0.77548605
0.88565004
0.96023124
0.8905108
0.96072865
0.9886901
0.9812091
0.95866954
0.93707675
0.9279791
0.68730736
0.9196821
0.94192904
0.85913306
0.6793612
0.9748405
0.916241
0.9197404
0.6136667
0.9025483
0.9558024
0.9505162
0.97897583
0.85470295
0.5105274
0.88200855
0.37355137
0.9848873
0.9813633
0.5273697
0.95767844
0.9811225
0.9844268
0.9501701
0.97477156
0.39198983
0.87423223
0.61905766
0.87087774
0.9949064
0.97393656
0.5842904
0.9761337
0.96440536
0.9779784
0.6281342
0.9919884
0.97678477
0.8987974
0.9276289
0.24399808
0.7650121
0.07869239
0.53073764
0.6500651
0.33371684
0.9694325
0.98736274
0.97191286
0.124146886
0.8180354
0.9725108
0.5771851
0.9917402
0.8080354
0.86564165
0.28717908
0.68825763
0.97549075
0.92581683
0.8422047
0.9400075
0.9401002
0.8824534
0.9805847
0.95980585
0.85561496
0.9075231
0.33193406
0.72202635
0.9750259
0.94143915
0.86571634
0.91126794
0.7389825
0.8388785
0.70768857
0.9435666
0.9879516
0.8029834
0.96118647
0.97461843
0.9195704
0.9613997
0.93658596
0.10984676
0.4030416
0.9938538
0.9296581
0.98914856
0.94889355
0.9530853
0.96966994
0.8851209
0.9541975
0.23348752
0.97277504
0.9863194
0.99036825
0.6411932
0.9869884
0.4927373
0.92921364
0.85346955
0.9844862
0.7709988
0.84282035
0.9183226
0.8789014
0.6156337
0.9385829
0.8996388
0.99192107
0.91088396
0.7847181
0.99063486
0.98807305
0.9661166
0.8401055
0.9764612
0.38825536
0.9160453
0.98030204
0.94524276
0.753192
0.9551608
0.4515667
0.8706875
0.63241833
0.9703634
0.93597245
0.6426986
0.86906785
0.97839874
0.9880206
0.7866462
0.976981
0.903707
0.9776744
0.8844919
0.89282614
0.97608966
0.862759
0.87937033
0.9469547
0.7212872
0.9822594
0.9420245
0.5728766
0.86286706
0.95013046
0.7662969
0.32492995
0.9332911
0.937773
0.98053473
0.91445905
0.90114516
0.97215116
0.60600376
0.54263437
0.88927644
0.8529337
0.781762
0.98773974
0.99240583
0.7158623
0.8991898
0.9320489
0.99370253
0.51543736
0.89900917
0.12302684
0.9456114
0.9145092
0.84006447
0.81803167
0.97046083
0.8073934
0.688733
0.84334064
0.9880508
0.98166555
0.8446512
0.9925541
0.9592395
0.9316157
0.9339049
0.92714465
0.9347926
0.8858481
0.44952512
0.91864556
0.9298815
0.7689647
0.9811832
0.9336741
0.96231955
0.9957664
0.6995688
0.9811637
0.97463244
0.93370795
0.93055695
0.91075426
0.3365181
0.9842635
0.75548214
0.97072583
0.79498386
0.97580385
0.9722954
0.971083
0.74929476
0.6781858
0.9967732
0.9364411
0.95504683
0.93644136
0.9770571
0.8276839
0.9156622
0.5149124
0.9746702
0.8647702
0.9373335
0.2594393
0.48349622
0.91538316
0.718735
0.95005304
0.9525149
0.8922278
0.99128914
0.9247336
0.8920579
0.97841716
0.9574502
0.94817376
0.025867354
0.98712385
0.66116637
0.9735303
0.92769575
0.8952352
0.9889809
0.93163747
0.8580382
0.98343843
0.9046026
0.36014348
0.9901481
0.82007897
0.23472382
0.70893186
0.956172
0.9786402
0.672235
0.9661117
0.912857
0.8573534
0.96601003
0.9762309
0.8103042
0.9320941
0.98195225
0.08934021
0.9071229
0.9371433
0.55616647
0.98129547
0.98950213
0.9716732
0.8562643
0.7330979
0.7185894
0.95995766
0.93442976
0.67658323
0.7898766
0.99576014
0.9653626
0.9530764
0.90718675
0.6665102
0.91400707
0.9791423
0.9313257
0.44026238
0.27567104
0.6470062
0.9376818
0.99157315
0.8048185
0.95446056
0.11744945
0.9802727
0.93571025
0.91701686
0.93664
0.88869375
0.85402304
0.96627164
0.9910364
0.8812472
0.9178869
0.98093754
0.9900781
0.802995
0.8231452
0.50102407
0.96458215
0.6291927
0.99182546
0.9815709
0.9374417
0.932957
0.7130081
0.45712104
0.9880702
0.9297509
0.5744702
0.8875677
0.9899817
0.9577387
0.986464
0.63247067
0.91952986
0.9557201
0.947825
0.8520389
0.94732505
0.00074195117
0.9742925
0.97496164
0.92835516
0.721121
0.99445677
0.7374978
0.98582524
0.93089724
0.99317896
0.8865158
0.9182237
0.983668
0.9432602
0.84328645
0.9434452
0.41136745
0.22108233
0.9772018
0.78476286
0.5377649
0.94683546
0.96558684
0.91841704
0.71193975
0.94635946
0.36871952
0.9647433
0.83811605
0.98509383
0.92967385
0.42551708
0.9663933
0.97025204
0.31432906
0.92830545
0.50137264
0.97572225
0.82813007
0.8235118
0.9534001
0.4219395
0.86563826
0.95040065
0.88766074
0.9592131
0.26973966
0.9768076
0.9828095
0.42706773
0.6377116
0.9887129
0.8989987
0.99571157
0.8882679
0.95269066
0.93445987
0.9715722
0.9341606
0.5450643
0.14970715
0.8655527
0.94390345
0.98931354
0.94260025
0.9321899
0.9619671
0.82177675
0.95120925
0.97561
0.4866447
0.5720683
0.80760086
0.9515567
0.56439924
0.96707994
0.8327016
0.9642438
0.95911044
0.9551322
0.76952124
0.9543838
0.98792726
0.71110547
0.9748889
0.9745077
0.9983311
0.9558447
0.9351371
0.061376914
0.9401054
0.43023744
0.58138645
0.9709495
0.97682923
0.8186841
0.9366463
0.8848806
0.83619386
0.9178583
0.5247368
0.96461374
0.90873396
0.5673938
0.8039843
0.40099788
0.982945
0.9569471
0.86890304
0.9324791
0.93348634
0.9861812
0.3903265
0.8010561
0.5319446
0.9003765
0.97643423
0.9067075
0.92611563
0.90300727
0.97407687
0.8844063
0.7912342
0.90006506
0.7672924
0.7239792
0.984585
0.9626552
0.97888297
0.8842593
0.9913394
0.8879006
0.37189743
0.8286947
0.8178056
0.9256896
0.3679096
0.955995
0.9739637
0.97207344
0.68726104
0.9360232
0.9042763
0.5501391
0.91159356
0.9392501
0.89983237
0.78250724
0.8260314
0.96581906
0.8425969
0.9805941
0.41462794
0.9903989
0.47566256
0.8599021
0.9826834
0.8961398
0.68849677
0.5718703
0.9219445
0.85218555
0.98434794
0.19970044
0.8700502
0.79425013
0.9814153
0.617094
0.88625723
0.8605837
0.8433304
0.926693
0.9733899
0.9611661
0.97427523
0.9895356
0.9064539
0.62994206
0.9838076
0.9911246
0.97443897
0.9875464
0.7715425
0.4266935
0.9706614
0.5635159
0.7635678
0.98989457
0.9455718
0.53188604
0.91648227
0.9344862
0.8780853
0.804708
0.8180253
0.7878806
0.962248
0.42379284
0.98441666
0.9778165
0.8533944
0.96748805
0.97100383
0.35282207
0.8690376
0.7220256
0.9268663
0.97738683
0.85925186
0.9278019
0.95034266
0.86286306
0.7298757
0.89861923
0.962451
0.95523083
0.89408827
0.9763889
0.85286534
0.80684155
0.9398947
0.9855869
0.9111385
0.6375511
0.7293568
0.96378577
0.8524893
0.944357
0.938186
0.9956136
0.9853886
0.9476631
0.18863717
0.9001913
0.83546215
0.625354
0.91454
0.335449
0.9635398
0.8726389
0.9843465
0.9032683
0.92981577
0.96126974
0.9522023
0.29320318
0.9925545
0.95600367
0.96053207
0.8405373
0.86183155
0.6672071
0.96963936
0.84407693
0.90173614
0.74077874
0.99076146
0.13267447
0.9653508
0.9195911
0.56857115
0.98022467
0.6846911
0.94747424
0.9154495
0.9042784
0.9666041
0.97292477
0.9036068
0.9826752
0.9902298
0.40841353
0.9671949
0.97827417
0.9360375
0.92672527
0.7855424
0.6841452
0.93247557
0.9804348
0.97611225
0.76960284
0.88112795
0.99127465
0.96740806
0.9850546
0.29689384
0.99029374
0.71000344
0.9229105
0.9892931
0.93286467
0.7927033
0.9820488
0.9797576
0.9001422
0.98710465
0.98206353
0.84345555
0.93238693
0.9478879
0.8808532
0.75021213
0.9890564
0.81412554
0.53433186
0.96921563
0.40153456
0.9471946
0.85747933
0.368114
0.9760324
0.76290727
0.97696245
0.6027334
0.97751015
0.92028344
0.93549
0.982645
0.8161731
0.975691
0.9825209
0.98332053
0.8865059
0.83978575
0.9854456
0.75253654
0.458294
0.9640453
0.6968013
0.91241217
0.9460014
0.97753
0.89301246
0.64517933
0.9880816
0.39581072
0.94680935
0.9837715
0.9609098
0.95977336
0.94327515
0.8974282
0.994726
0.6113369
0.8112252
0.865405
0.95243627
0.69053906
0.94270355
0.4286099
0.70372355
0.98325425
0.55901515
0.98886555
0.9702931
0.8096743
0.11885663
0.05095465
0.47249594
0.94666225
0.9844513
0.72149086
0.6362728
0.934967
0.8413398
0.9902935
0.94251204
0.9489119
0.82540256
0.9758706
0.98124194
0.9445822
0.59108835
0.99131995
0.9805854
0.8655447
0.9554002
0.73042613
0.7882497
0.8165609
0.947589
0.5339386
0.9926669
0.86164963
0.7849269
0.9775459
0.9648291
0.7104021
0.99257624
0.832634
0.8194225
0.7903573
0.9021058
0.58226186
0.84259367
0.9720799
0.18535987
0.9797023
0.8603165
0.9681976
0.6718905
0.9785412
0.98242146
0.41197202
0.9515746
0.9033987
0.9522442
0.98687845
0.8612022
0.92469597
0.9513483
0.97373635
0.6164015
0.8872757
0.95407933
0.58346087
0.97874844
0.87456554
0.94106126
0.9364798
0.9856129
0.99105155
0.93291235
0.8489988
0.10995227
0.962445
0.97616655
0.93860936
0.9907611
0.9669794
0.87038386
0.7357562
0.90306354
0.99056494
0.93990636
0.6352929
0.74559647
0.95611733
0.9908069
0.9833182
0.6260247
0.9004552
0.8046795
0.87114626
0.90536827
0.9541808
0.93900806
0.6859181
0.952023
0.7914791
0.6965227
0.76085573
0.96051824
0.8185244
0.73726
0.9187943
0.9567968
0.9706161
0.8536688
0.9622181
0.9067495
0.9891384
0.67025894
0.95752835
0.98663425
0.8423245
0.980076
0.9595048
0.85043615
0.9761155
0.94901204
0.95319
0.87730545
0.57120943
0.024013255
0.8816806
0.8630939
0.78130925
0.98547935
0.6272949
0.12635098
0.5650951
0.98641336
0.9916317
0.9417315
0.88580567
0.97178304
0.98752904
0.9329626
0.9190592
0.7407392
0.9897995
0.6617435
0.39071286
0.85183793
0.49236792
0.8202941
0.6429564
0.93543273
0.9777052
0.97214913
0.9564004
0.50473183
0.98004925
0.9356256
0.948609
0.95027816
0.97647274
0.0027639421
0.98022836
0.8562045
0.0034935325
0.42130268
0.9855387
0.6990316
0.9495093
0.9967591
0.73999494
0.98685825
0.62512094
0.95063055
0.5427709
0.99006104
0.94219226
0.9492324
0.85263467
0.9807357
0.96117866
0.98301274
0.9566446
0.97688884
0.8363689
0.9036422
0.7156532
0.9243086
0.9807011
0.9825266
0.9841892
0.8643909
0.9381665
0.9158407
0.9451217
0.7518623
0.8651875
0.36342818
0.89370286
0.69828165
0.9424159
0.90303266
0.31834814
0.8840044
0.72670525
0.98288757
0.11701359
0.89319426
0.99071795
0.9566133
0.75277996
0.92707217
0.9883535
0.9702424
0.8808678
0.95619404
0.9706763
0.9666976
0.99116325
0.98515236
0.8614561
0.9422306
0.99095774
0.9805401
0.9882876
0.9936645
0.9956529
0.9903471
0.9869153
0.74532557
0.9758079
0.96080095
0.42001092
0.9814797
0.9562432
0.8509108
0.9823621
0.68501145
0.9894202
0.52858806
0.9943878
0.9822089
0.5634155
0.932603
0.73792374
0.8317682
0.90007883
0.93304485
0.79141164
0.9844563
0.34087938
0.7637106
0.79958236
0.87860984
0.97821826
0.9277611
0.9816242
0.6430292
0.8993935
0.62729704
0.99273044
0.5460856
0.73213917
0.99347395
0.9811354
0.35192654
0.5789717
0.90214336
0.6857244
0.8795242
0.97404027
0.9866283
0.9623327
0.95254946
0.83097285
0.9923672
0.9651227
0.88375354
0.922788
0.9312319
0.90121853
0.9249145
0.8284799
0.970042
0.9956994
0.852993
0.8571984
0.9225476
0.76753587
0.5160775
0.917476
0.88323754
0.72476983
0.88971096
0.9647443
0.5414824
0.76165336
0.92497027
0.21799065
0.8705928
0.9391004
0.9917001
0.9038469
0.92632157
0.97262716
0.9252679
0.6420734
0.8591728
0.9362106
0.98603016
0.90554446
0.9226292
0.6725022
0.9797774
0.9951119
0.90745986
0.8534157
0.9898559
0.7433089
0.9886596
0.9716723
0.9491678
0.93528026
0.99078685
0.9654578
0.87391394
0.8917399
0.5823456
0.96368235
0.9208709
0.80788326
0.87549657
0.9818284
0.91812843
0.7629958
0.6923287
0.7859678
0.981766
0.9631999
0.9925222
0.93791556
0.8842242
0.95242953
0.9915793
0.6114128
0.5693065
0.9789773
0.9818017
0.9883599
0.80458677
0.8483999
0.6703001
0.9097629
0.4222995
0.658396
0.96134347
0.93361187
0.9825629
0.52902997
0.9911809
0.81327546
0.83837557
0.9612644
0.0038253302
0.4952133
0.70021445
0.9516977
0.67180204
0.20415226
0.5438078
0.81476104
0.9671766
0.9008838
0.6166448
0.9702088
0.7633462
0.9643057
0.99391854
0.9643354
0.6486288
0.90362173
0.8279068
0.84903073
0.8164817
0.9151059
0.7670385
0.7783692
0.9070509
0.92385864
0.9927505
0.9590829
0.93686366
0.9854028
0.77865356
0.8319822
0.9612532
0.9125105
0.95997447
0.98271185
0.92074466
0.9017694
0.9213501
0.414736
0.0371194
0.9107437
0.3314507
0.98740363
0.8842323
0.45690107
0.91804796
0.90249306
0.6155237
0.97219735
0.951064
0.9660198
0.9412725
0.91402113
0.89803183
0.25243157
0.9090977
0.97367346
0.87548715
0.9350867
0.44181615
0.8155971
0.13327913
0.99253815
0.5677708
0.8389987
0.9843359
0.52123326
0.8087292
0.9869963
0.87276393
0.11247587
0.7528604
0.9745307
0.9907382
0.96823156
0.86197317
0.97390807
0.9007372
0.88015985
0.7355279
0.729522
0.92992884
0.550869
0.7474903
0.76779944
0.18140334
0.9897914
0.95921296
0.9095839
0.95476973
0.8800821
0.8213683
0.9297057
0.7934951
0.95565534
0.75722206
0.9760166
0.69043034
0.87163514
0.93826836
0.84910214
0.8652717
0.8821985
0.9797035
0.38691652
0.9530727
0.8882542
0.9696379
0.9830893
0.86609644
0.98750496
0.4778382
0.9806533
0.85673004
0.9926704
0.6003884
0.9854857
0.66443914
0.29755518
0.9541498
0.9759871
0.78171355
0.9744582
0.12145397
0.9464448
0.9455346
0.9037132
0.973054
0.8400813
0.5238437
0.9572639
0.6079879
0.9486435
0.9639297
0.93058205
0.9624913
0.9023816
0.7356375
0.9921359
0.90385944
0.032465614
0.9692909
0.5728382
0.9860671
0.6567003
0.8956749
0.60930103
0.8437882
0.90702283
0.41236177
0.0006023277
0.9106323
0.17655334
0.9651294
0.9572358
0.8378586
0.6379057
0.95768696
0.99349326
0.919133
0.9580559
0.87376356
0.37946725
0.9748258
0.98716694
0.9505663
0.97810674
0.72944933
0.7991071
0.9758959
0.99091303
0.9769235
0.8819238
0.71427166
0.9521086
0.980515
0.99328256
0.9926345
0.78525215
0.7525364
0.9206337
0.8541864
0.9514153
0.95867294
0.76847667
0.96922565
0.975934
0.98670703
0.8961106
0.9299106
0.97932786
0.93699384
0.88530654
0.9846332
0.9806327
0.9818318
0.9064533
0.80971485
0.63285905
0.8877455
0.9322314
0.8628091
0.99326384
0.9883338
0.993803
0.9457862
0.9831192
0.924508
0.9242375
0.70812875
0.9895495
0.8479226
0.981097
0.95136696
0.7690301
0.93436724
0.9623189
0.986722
0.9816667
0.98131245
0.9668112
0.8795728
0.29601756
0.9936655
0.9273978
0.9836468
0.93999666
0.8925421
0.39767715
0.9416337
0.32255566
0.95803326
0.5845322
0.8884569
0.9204776
0.979867
0.83516985
0.9847839
0.94528675
0.84818316
0.8329734
0.9804613
0.599753
0.91796577
0.9493651
0.9879589
0.98574686
0.9868938
0.98738736
0.050320845
0.86525935
0.541216
0.6054045
0.71242464
0.97810966
0.9792251
0.90042466
0.9890872
0.9599117
0.97883636
0.675601
0.94627875
0.9606129
0.9534428
0.91537845
0.85674447
0.9298147
0.81233734
0.5339403
0.9613575
0.6556613
0.9772734
0.9875566
0.8861565
0.50175637
0.8074617
0.92816454
0.8925196
0.7073426
0.94145375
0.99429333
0.79843205
0.86873686
0.5752109
0.9835196
0.9500687
0.65675324
0.9327468
0.88097906
0.9609597
0.9498622
0.9494649
0.9865457
0.86380714
0.952794
0.9869645
0.7594454
0.7351858
0.9519189
0.8835603
0.8420831
0.87116647
0.9634874
0.97963357
0.94193983
0.9784128
0.9371853
0.76651835
0.89360046
0.78465945
0.985031
0.98881173
0.8239848
0.76265925
0.550336
0.7224643
0.9714702
0.447233
0.98455
0.9478797
0.9505002
0.88204443
0.7533909
0.97069925
0.99006164
0.7382848
0.96215844
0.96653974
0.96995026
0.96886134
0.93988323
0.15357351
0.6693047
0.9843349
0.469843
0.98643005
0.7906379
0.9475047
0.49829602
0.91518044
0.99146104
0.8526918
0.5384762
0.8174246
0.98568034
0.89070123
0.9307566
0.9612921
0.7852927
0.9690018
0.05185986
0.90227807
0.91541564
0.78915435
0.98217416
0.98052466
0.9593513
0.8696207
0.8868384
0.8451675
0.18902755
0.98214865
0.4008062
0.9227543
0.9085429
0.9805824
0.76709133
0.9841404
0.9471729
0.9029819
0.9876945
0.97125715
0.6439778
0.8780834
0.5320854
0.97867817
0.9916324
0.7452099
0.9022433
0.9596935
0.98206437
0.9520861
0.98949665
0.78374094
0.9697158
0.697123
0.8025794
0.9496719
0.93006194
0.99099195
0.9698047
0.94025373
0.9872918
0.85559785
0.52864736
0.9882697
0.9652605
0.9945017
0.8705511
0.8022241
0.40533987
0.8847534
0.9733064
0.92624354
0.52584577
0.97676295
0.98260707
0.9442849
0.9899967
0.8796939
0.9712951
0.94045454
0.92222536
0.9433609
0.99144125
0.98591566
0.5519596
0.9079667
0.9328742
0.9932193
0.93953854
0.9019291
0.98739374
0.77785856
0.7573696
0.99383706
0.9963232
0.4330965
0.35688752
0.6328452
0.97308
0.80250055
0.9219927
0.9850277
0.97354287
0.5776294
0.99332523
0.96594995
0.8482604
0.9291815
0.9878334
0.9853651
0.9698854
0.9227084
0.84769
0.8848156
0.7292556
0.67314094
0.9445835
0.9790495
0.9078094
0.8644182
0.9909127
0.6725089
0.98614943
0.9580781
0.874843
0.97196907
0.7191714
0.9777011
0.9785079
0.9771489
0.99099344
0.95119005
0.9589659
0.9906123
0.756414
0.7268109
0.95108634
0.9829814
0.92949164
0.79227144
0.9469297
0.9073574
0.62669504
0.967558
0.990957
0.9471116
0.70432293
0.8571048
0.96093535
0.9716053
0.7084562
0.7021352
0.98221636
0.896073
0.49585506
0.9473286
0.44231614
0.8508025
0.6335003
0.0016277421
0.99265337
0.47186646
0.81711173
0.96460164
0.986605
0.7139982
0.97848916
0.6988069
0.8462824
0.94324756
0.9267521
0.98289627
0.95675284
0.9844311
0.003311173
0.8696534
0.87557507
0.6317034
0.8896067
0.2979362
0.9348129
0.97923523
0.83498806
0.93532985
0.14487839
0.909158
0.9525588
0.80585676
0.54859996
0.75817657
0.9495138
0.9884171
0.90216434
0.97912025
0.9137522
0.8620733
0.7746971
0.98301876
0.9866301
0.98508286
0.98739874
0.6095671
0.9841541
0.9848519
0.95443606
0.9394121
0.86763144
0.97475004
0.9798293
0.94564164
0.08684902
0.68014926
0.37202922
0.97173566
0.97551256
0.9651288
0.841445
0.97833997
0.95467013
0.99282396
0.8687902
0.9817032
0.885363
0.9879309
0.9420724
0.93236053
0.9356687
0.5224429
0.8303457
0.979518
0.9081494
0.96679294
0.9912006
0.78872603
0.95818
0.5472337
0.43030825
0.8240611
0.96437895
0.54477054
0.84930176
0.732903
0.9575338
0.9880036
0.36201066
0.8989167
0.67977065
0.94019616
0.356043
0.039479457
0.5648722
0.9771184
0.89627606
0.5915646
0.6304398
0.9250423
0.97481006
0.8968371
0.82092255
0.98217404
0.84787244
0.9625869
0.9891684
0.99134845
0.93307704
0.9916711
0.9732897
0.47353628
0.2668757
0.9911912
0.17899051
0.7585996
0.95225257
0.24475044
0.9385614
0.9891986
0.9533688
0.9039307
0.98111534
0.9502816
0.6126906
0.2818578
0.9760879
0.96462506
0.9715216
0.99245584
0.99459475
0.90673655
0.70992
0.63694626
0.9921033
0.99226975
0.82810766
0.8831357
0.9919674
0.9469635
0.99347854
0.81772316
0.96946466
0.96174586
0.8642429
0.98125595
0.89304125
0.9348015
0.9849915
0.9776635
0.8536014
0.9117916
0.86194575
0.99591535
0.87945944
0.90655506
0.70464444
0.7808679
0.97662044
0.949272
0.9785645
0.7014879
0.9547716
0.9378561
0.9879693
0.97274303
0.7997161
0.95905966
0.9353549
0.8742089
0.93026596
0.86326134
0.42164412
0.8586262
0.96665376
0.49387923
0.9814317
0.92160225
0.77033675
0.95538074
0.9670514
0.88219565
0.48505124
0.7009062
0.96681464
0.95729965
0.1481685
0.97759354
0.87969965
0.95494765
0.95485616
0.9909862
0.8333572
0.708139
0.9174478
0.8568397
0.83179116
0.97600454
0.95619684
0.924516
0.9939521
0.9811382
0.97915876
0.9774646
0.7907309
0.9351452
0.3949781
0.9460557
0.95154816
0.8202888
0.3302911
0.9809229
0.8502646
0.92203176
0.8671158
0.8673326
0.9773562
0.56420505
0.89502037
0.8490461
0.5472615
0.81031376
0.26853782
0.7881469
0.7020712
0.9432108
0.95445406
0.9544596
0.9732099
0.88639987
0.9719498
0.95667624
0.7351048
0.85901976
0.9823806
0.96659845
0.8560322
0.14168082
0.97428834
0.8786598
0.9948738
0.9360519
0.960015
0.9805956
0.9528886
0.905306
0.9386644
0.49604058
0.9893169
0.97474706
0.9048733
0.9602896
0.98777676
0.9345796
0.8710501
0.95624703
0.9306276
0.9224294
0.23608659
0.9719263
0.72519916
0.7606957
0.98285955
0.9107991
0.5462119
0.99003345
0.9360509
0.97485286
0.61407626
0.6513328
0.95800984
0.88497126
0.97279704
0.8780093
0.97278565
0.9619784
0.771691
0.8780438
0.9738091
0.95010436
0.96330035
0.7124895
0.64541477
0.9621156
0.46420687
0.34633026
0.953817
0.8397701
0.9038
0.9751872
0.9785559
0.64392567
0.95481515
0.9276131
0.9652965
0.061576564
0.40343595
0.9685357
0.9159804
0.9634357
0.9465079
0.7838743
0.91828644
0.9743292
0.9613157
0.9819505
0.7802172
0.9281867
0.21959588
0.9357348
0.88653165
0.7395274
0.9929167
0.9762681
0.85667866
0.95814747
0.9211616
0.9081397
0.91715765
0.68564814
0.96247876
0.98126227
0.009368591
0.9594584
0.9646997
0.9593415
0.88902086
0.96786934
0.9791333
0.97479874
0.76396185
0.84097385
0.9244599
0.8194727
0.8594365
0.094133005
0.8382724
0.91403544
0.9742882
0.9132071
0.98864275
0.9874078
0.50750554
0.61835593
0.98152614
0.96824294
0.9450986
0.54090726
0.40790805
0.7957169
0.9336159
0.056141745
0.9503013
0.8976007
0.97039044
0.8336364
0.6222602
0.97767526
0.842093
0.92509973
0.9623706
0.9566695
0.99226826
0.94446707
0.93704474
0.93161047
0.96835786
0.9614984
0.8672611
0.79579294
0.6185488
0.9825032
0.962365
0.8525617
0.9906805
0.9446298
0.90047026
0.9723148
0.92899865
0.9278039
0.97164506
0.5902716
0.9738259
0.9548617
0.99029166
0.2873004
0.50638777
0.7795598
0.9604497
0.863321
0.89673656
0.9370762
0.9317107
0.9824607
0.8775473
0.7202842
0.5516883
0.7551429
0.91120344
0.9739595
0.95678383
0.98092765
0.98291624
0.7975101
0.97667694
0.3973845
0.92825264
0.7331193
0.9868226
0.47881073
0.9506906
0.9493016
0.70423704
0.920065
0.98122555
0.9809842
0.9672928
0.96017057
0.94159937
0.9750497
0.98420376
0.979228
0.70731
0.99209493
0.8545102
0.92810845
0.8969211
0.37434724
0.92146426
0.99172276
0.98155427
0.68015355
0.92582893
0.97457856
0.6519458
0.96829534
0.9884682
0.64007866
0.9920878
0.861953
0.9902824
0.9651522
0.9409878
0.93303335
0.8578
0.31014732
0.9940936
0.80921394
0.9815419
0.95474017
0.9701579
0.9051088
0.9654305
0.57988095
0.9033887
0.94051653
0.8363541
0.35833076
0.98897505
0.96076155
0.78215975
0.68227786
0.9802172
0.9460469
0.9874352
0.7682899
0.90900064
0.9862599
0.93835676
0.9906899
0.9532379
0.98264635
0.98463804
0.9791971
0.92188746
0.98533547
0.92869866
0.9864863
0.9609549
0.70759004
0.9752583
0.6262723
0.9886286
0.91227144
0.958679
0.8455442
0.95142376
0.8599775
0.9796338
0.9141227
0.98271334
0.92762774
0.9760912
0.9428606
0.84060353
0.72428054
0.95360744
0.9373142
0.8287569
0.27703917
0.9839151
0.9388531
0.95719236
0.9897351
0.97269946
0.65489256
0.8784925
0.83358335
0.788829
0.94301194
0.9804673
0.6668322
0.74639547
0.99025786
0.97781575
0.9770315
0.9833475
0.42955202
0.9045287
0.7836461
0.9696596
0.961732
0.88371664
0.9462918
0.021059006
0.80616283
0.90558726
0.97711426
0.64571047
0.90727115
0.88586265
0.9523947
0.7290871
0.6740692
0.32376897
0.97500074
0.9805068
0.97302204
0.86790174
0.92710847
0.7637039
0.9278787
0.97751826
0.97557276
0.21889669
0.92277783
0.9303202
0.97774804
0.9551132
0.945431
0.9257822
0.9782799
0.9849401
0.49727136
0.9760573
0.89950645
0.91273713
0.9829008
0.3190574
0.9920264
0.96112275
0.97880757
0.8056937
0.905603
0.9665054
0.9857407
0.96647716
0.95324385
0.86730564
0.8718083
0.82128376
0.94726515
0.9797932
0.76969135
0.962998
0.94988614
0.7364527
0.69758797
0.79856116
0.9898953
0.98695636
0.97851497
0.30713323
0.9859905
0.91064256
0.8705139
0.98212975
0.9633076
0.9727883
0.96891093
0.95294446
0.98508865
0.9205343
0.97145903
0.52300614
0.7892926
0.96067065
0.9366913
0.975572
0.86930573
0.7543687
0.9327464
0.98285943
0.95042187
0.381206
0.8833736
0.4424165
0.97708035
0.9809607
0.88179135
0.9927281
0.87903583
0.8344097
0.87065196
0.9151432
0.8591607
0.9438817
0.8510317
0.98818225
0.92164123
0.9417572
0.9178602
0.4802361
0.9762818
0.78179467
0.98056763
0.8447185
0.7644294
0.85356116
0.9182639
0.9830446
0.7004812
0.94006234
0.9584354
0.9095217
0.53940743
0.86671335
0.32386953
0.9882443
0.75293213
0.9580266
0.61643654
0.9877363
0.971782
0.87742734
0.29962924
0.95537
0.5330251
0.9157086
0.523498
0.91773266
0.98144823
0.9929583
0.96090835
0.3931308
0.8750007
0.9938507
0.93903184
0.83541685
0.9495519
0.9870525
0.7931568
0.9009611
0.90056956
0.909078
0.92678714
0.9862229
0.96912843
0.9753609
0.983146
0.9879402
0.96346265
0.8142623
0.86030555
0.84788585
0.9002074
0.8996594
0.62653756
0.6747864
0.8058041
0.9826927
0.92250913
0.960984
0.9781562
0.9914274
0.8574661
0.9225779
0.9630298
0.9745218
0.90005
0.9612075
0.9025408
0.92297685
0.93626994
0.98786527
0.7139554
0.46341538
0.9276224
0.85998917
0.97511625
0.9752813
0.82360053
0.6860169
0.96620876
0.9879941
0.94230974
0.8905313
0.98974645
0.8903956
0.9849021
0.90991014
0.6858018
0.8564005
0.8422535
0.4522756
0.9908921
0.9821208
0.9315593
0.95000136
0.78214353
0.981075
0.8151958
0.9121551
0.027819542
0.43196926
0.8684121
0.9887038
0.9958515
0.9775769
0.91994685
0.99079365
0.37455016
0.9857077
0.8945769
0.49206212
0.9494936
0.94358176
0.8624014
0.8972165
0.98630226
0.9843066
0.8523053
0.92015845
0.9112366
0.034487687
0.975276
0.9845295
0.8349253
0.81498265
0.94217753
0.8929698
0.95535713
0.98297113
0.9680499
0.8173568
0.9848904
0.88318133
0.9900186
0.90529126
0.9382986
0.7521965
0.95143694
0.91408914
0.9862705
0.9497843
0.9856596
0.96107584
0.4779486
0.98697704
0.9748659
0.84662074
0.9285055
0.69512033
0.8915641
0.97162735
0.7341057
0.85091996
0.89259875
0.477794
0.9838213
0.42978865
0.91227335
0.8206253
0.9506263
0.9373932
0.88057
0.5787239
0.975137
0.8858914
0.9618839
0.94437474
0.98286945
0.93115914
0.8204918
0.37826997
0.5231219
0.90693706
0.98572713
0.7394564
0.8991684
0.9714839
0.8581008
0.9393005
0.8626866
0.94387215
0.9331941
0.95461124
0.62474793
0.884575
0.97009313
0.3118675
0.84884936
0.9642941
0.38807866
0.95495874
0.49677023
0.93519485
0.95393425
0.9734944
0.7487418
0.9884288
0.7191922
0.9584793
0.89013696
0.98776996
0.4936867
0.97995156
0.9036912
0.91357785
0.9728779
0.98875684
0.9848251
0.7333318
0.63213307
0.93522435
0.2529818
0.8724172
0.114163354
0.9867274
0.9208057
0.98678976
0.678798
0.8986021
0.81643283
0.95454574
0.25103664
0.7374562
0.66382986
0.93161947
0.70209986
0.8595322
0.5156219
0.9284768
0.9222501
0.9925684
0.9674022
0.88348806
0.9420981
0.9856872
0.6278445
0.8439532
0.57633287
0.9885993
0.9888737
0.7257116
0.6817949
0.39608896
0.907765
0.6424418
0.96886593
0.98837346
0.97116524
0.3240261
0.78322035
0.986463
0.97346985
0.9547795
0.980993
0.893463
0.33774498
0.9541515
0.38512963
0.98001045
0.9631615
0.98744893
0.91955215
0.8720241
0.9647293
0.96986246
0.96223956
0.9846764
0.8584907
0.8585195
0.53372294
0.8847552
0.93575525
0.92776066
0.97046685
0.9713868
0.90214664
0.9383492
0.7288594
0.9238734
0.87273204
0.77166456
0.8480759
0.7378361
0.8989406
0.7967828
0.88427037
0.9090121
0.7782531
0.9129564
0.93946004
0.9611598
0.9837797
0.9721658
0.96605855
0.5000693
0.9909803
0.8693709
0.98235476
0.9236901
0.9431554
0.929838
0.9120357
0.976724
0.98905843
0.36464307
0.9858732
0.64284414
0.9902293
0.78593326
0.37837362
0.99166745
0.32890856
0.9451365
0.6190305
0.90665543
0.94566995
0.99407613
0.8762094
0.97462463
0.9123693
0.9183623
0.92761636
0.94649976
0.92806685
0.4269406
0.9007051
0.97667205
0.8443928
0.929742
0.9566957
0.68543196
0.5368123
0.9510256
0.28720608
0.5850389
0.30620408
0.99173754
0.9782138
0.7716898
0.9938519
0.4729333
0.55570215
0.916946
0.95817155
0.9503773
0.96669185
0.96773624
0.8549053
0.12379769
0.73391795
0.59166175
0.8882422
0.9210709
0.78368133
0.63914317
0.75543463
0.96681
0.88813937
0.9864411
0.9802777
0.8492695
0.9551049
0.96242326
0.7960452
0.98257875
0.9502775
0.93771565
0.51640284
0.97855616
0.97495097
0.95771635
0.3177798
0.8248458
0.9892809
0.856881
0.68855447
0.097747505
0.97757477
0.98484105
0.98695105
0.8914738
0.77596223
0.9416393
0.9517488
0.38467926
0.96262735
0.8172071
0.94312656
0.7608098
0.9732666
0.5996976
0.96024203
0.9618071
0.54707104
0.9509137
0.97626966
0.4956195
0.920823
0.9650132
0.58353937
0.9859556
0.9842694
0.5625549
0.39901018
0.9791222
0.14157757
0.9828212
0.87295675
0.9566891
0.97136
0.99169636
0.9867057
0.92945915
0.6056943
0.95730203
0.9751893
0.80832237
0.9608355
0.9739246
0.8383255
0.94706583
0.9876803
0.89130795
0.8278101
0.72092694
0.9638771
0.93945503
0.87480295
0.94487524
0.5986464
0.4629104
0.91231173
0.985277
0.9828263
0.97588
0.95165914
0.9971302
0.97664726
0.96333164
0.97521347
0.9177668
0.8896589
0.6294654
0.8924332
0.9833067
0.95150197
0.83990985
0.97898805
0.99487275
0.933135
0.8670176
0.9793799
0.9501501
0.97278214
0.86599493
0.93252057
0.9788979
0.9372072
0.9257964
0.9888342
0.9648892
0.91549915
0.9800071
0.6332469
0.97445357
0.9811545
0.8787866
0.9352231
0.80574214
0.8075179
0.7347324
0.7580731
0.8018925
0.7871968
0.9795808
0.9588173
0.86659825
0.9401727
0.6494271
0.0023752463
0.6522766
0.6658981
0.9880525
0.68212146
0.9270228
0.86999923
0.9066101
0.64416516
0.97861654
0.90479785
0.90612835
0.99231577
0.9648398
0.9641377
0.78551155
0.790962
0.97220683
0.9487694
0.95965225
0.9691994
0.876921
0.4602637
0.6139167
0.8911648
0.97555035
0.8900151
0.7482215
0.69330835
0.96491265
0.41301686
0.9952898
0.18873489
0.8079582
0.73661876
0.98732156
0.9831992
0.3785043
0.95478934
0.91328216
0.99192166
0.898901
0.7186368
0.9899531
0.9780106
0.89367133
0.92677903
0.8008914
0.6758607
0.5559687
0.9292896
0.81681323
0.97817665
0.49704927
0.96793014
0.6950165
0.9861394
0.97618085
0.87351763
0.8546196
0.97935826
0.9884809
0.23285449
0.73659205
0.9823513
0.99081063
0.9892027
0.85085773
0.49779037
0.9225414
0.38790175
0.9778097
0.9865427
0.9870588
0.3613578
0.78897667
0.94163597
0.85362047
0.92009485
0.9881627
0.99288225
0.90659046
0.8647054
0.9258371
0.9492827
0.2171758
0.90036386
0.46819806
0.60772216
0.6672024
0.96332145
0.85076463
0.9855768
0.88695353
0.9697166
0.837924
0.8875734
0.9805822
0.54861027
0.7650633
0.46325088
0.91764677
0.98777896
0.8315169
0.376138
0.9501505
0.9507695
0.9714841
0.98715764
0.90212804
0.95192504
0.91128784
0.9034659
0.98979974
0.9824174
0.98140347
0.9356385
0.71535486
0.93834317
0.97651654
0.9524955
0.7759147
0.8582849
0.9744196
0.9491662
0.98673
0.978126
0.83836716
0.9574724
0.956991
0.88608545
0.4925667
0.87989646
0.99224263
0.99130136
0.9694518
0.9589895
0.83227074
0.82075745
0.00094394607
0.74175507
0.9861308
0.9673786
0.9925604
0.9248347
0.7566571
0.6282475
0.99706465
0.8227176
0.6982143
0.77680254
0.6955756
0.5938997
0.91749185
0.88102525
0.94529134
0.9830078
0.9763338
0.9900719
0.9283875
0.75017095
0.9894308
0.9750737
0.9664883
0.9266119
0.08072298
0.9812004
0.96529204
0.878184
0.91124636
0.9795298
0.47754863
0.77673
0.6935254
0.9825167
0.9672935
0.96786714
0.90099937
0.37911344
0.9873334
0.9752687
0.98959726
0.9145634
0.98729485
0.91837084
0.90557194
0.74620426
0.63454366
0.937359
0.9287232
0.06263991
0.94684345
0.9564999
0.9888659
0.951281
0.80321574
0.34650326
0.99149996
0.9899676
0.909151
0.61717844
0.8845068
0.9864674
0.9506569
0.9378148
0.9775922
0.6559012
0.9855488
0.9496204
0.87134
0.1563712
0.77039576
0.9412498
0.9926086
0.95359474
0.8818123
0.72315824
0.27915788
0.5360598
0.96004874
0.90324247
0.9606919
0.97247666
0.45765388
0.9305833
0.5437635
0.96442753
0.94943374
0.68232864
0.9365069
0.91835326
0.74380547
0.9620837
0.19524643
0.94153714
0.9705678
0.97169894
0.9618044
0.9439599
0.9124574
0.7875341
0.9348242
0.98687
0.91222507
0.96597767
0.7401083
0.6151257
0.68799365
0.9643956
0.6366615
0.7544377
0.80318314
0.988772
0.8786386
0.706302
0.93528295
0.9540259
0.9572795
0.8361555
0.9665071
0.9073157
0.91683334
0.88485223
0.9423721
0.87721765
0.84128565
0.8256417
0.91222256
0.9816155
0.9917325
0.96362853
0.6786505
0.87103647
0.6601455
0.8970619
0.9693699
0.97808254
0.12752652
0.9360824
0.787979
0.79219955
0.8478378
0.79707193
0.9811412
0.8702469
0.90181196
0.9909864
0.9645328
0.8142647
0.9519975
0.79048926
0.7988297
0.94704026
0.9863397
0.9383506
0.4339501
0.84425485
0.7545826
0.5017165
0.6989724
0.46243358
0.9553715
0.91076905
0.9952348
0.44867697
0.9115278
0.86002445
0.80097187
0.8313913
0.9784894
0.90442616
0.99266666
0.70716107
0.96226263
0.90096265
0.48779395
0.9334154
0.29890874
0.75501204
0.6080695
0.5412801
0.9351676
0.83418727
0.9088986
0.82837695
0.96604997
0.47856194
0.8308647
0.98773474
0.94847953
0.4589158
0.98732555
0.9618537
0.7232156
0.96875393
0.98440415
0.6822385
0.89741874
0.8339989
0.8988493
0.9804894
0.641857
0.59128803
0.9619543
0.8907856
0.9864494
0.9768091
0.7623066
0.9133576
0.82412076
0.56015486
0.891089
0.9634987
0.44913492
0.9752476
0.6612065
0.9402056
0.96089745
0.964542
0.9230363
0.7589953
0.3347131
0.9638587
0.9765202
0.9938403
0.97461075
0.9396133
0.6155708
0.9821414
0.8679843
0.99355006
0.93792963
0.9948572
0.98639977
0.97009194
0.9366304
0.9858811
0.9675635
0.9099986
0.99266076
0.4141931
0.947018
0.8109792
0.34352338
0.8931502
0.7686238
0.940493
0.9560641
0.99252796
0.99652356
0.90807354
0.8459828
0.72856283
0.911325
0.91342175
0.8578228
0.95722383
0.9888194
0.82269704
0.61554015
0.58650625
0.95053583
0.9850354
0.908836
0.9848221
0.9103707
0.535304
0.9815108
0.96543646
0.9806162
0.919786
0.7144563
0.89918274
0.91817063
0.81376976
0.9651101
0.99246806
0.89264745
0.9521654
0.98787445
0.9546243
0.9912997
0.9512268
0.5709157
0.7427166
0.955235
0.18441209
0.88776803
0.98457897
0.99148214
0.45939124
0.8790276
0.96353126
0.28877255
0.97214645
0.59849757
0.9537208
0.0018742416
0.95177156
0.98942775
0.9863398
0.9178876
0.8429841
0.46966448
0.9864937
0.8902166
0.8989152
0.915967
0.96308076
0.9730426
0.9693881
0.7516854
0.91594636
0.90991575
0.93341166
0.45669314
0.6720551
0.9832206
0.9932209
0.91440773
0.98413104
0.7191637
0.67673606
0.9312674
0.9633907
0.7759278
0.9350069
0.9719111
0.9586937
0.9893468
0.7490495
0.97762066
0.9727664
0.4541078
0.9215017
0.896615
0.89172864
0.8579397
0.949961
0.8452003
0.99343985
0.9720753
0.7875475
0.85629463
0.65906817
0.8601721
0.9418978
0.9258556
0.87674075
0.9656652
0.8982508
0.4955709
0.9825485
0.8996918
0.8363575
0.9628114
0.8409027
0.96413314
0.95992315
0.8088875
0.9459262
0.99043334
0.94084215
0.9719497
0.52426994
0.968129
0.84066665
0.9691421
0.9439614
0.9521338
0.99001807
0.97181994
0.99159884
0.9632053
0.98972005
0.9257071
0.80168813
0.9789778
0.96345776
0.59203243
0.8754024
0.9666885
0.9744553
0.967371
0.79165715
0.954018
0.94533044
0.8835094
0.81570077
0.94987875
0.8920373
0.9529064
0.66564703
0.8871888
0.8397209
0.71263885
0.9734721
0.9901522
0.8578291
0.99534816
0.9588338
0.9231211
0.9464818
0.8727062
0.9484695
0.97556543
0.9396281
0.98779154
0.93008876
0.9515267
0.54373527
0.21209499
0.95583504
0.9580714
0.9946365
0.9877131
0.96115553
0.4546395
0.9755574
0.929601
0.8923336
0.9721032
0.33241943
0.87086654
0.89904416
0.91334677
0.7741512
0.72826463
0.87042385
0.21604982
0.7825494
0.77428424
0.7436844
0.9439477
0.9876699
0.97539425
0.72263944
0.91311234
0.97076327
0.927544
0.84744865
0.97880435
0.88939846
0.9771782
0.9940712
0.4146299
0.8461623
0.95069504
0.716197
0.9601041
0.9272146
0.9910535
0.99557304
0.9487584
0.5842186
0.9725485
0.9791708
0.9073964
0.9301221
0.9777443
0.4255032
0.7564451
0.9696614
0.9701222
0.98306733
0.85368425
0.99525577
0.9509367
0.97234964
0.94970775
0.93256474
0.9085116
0.6614096
0.8714928
0.92355686
0.58312696
0.988427
0.98989165
0.9674229
0.97087395
0.9730743
0.78443563
0.82053506
0.7525729
0.98157275
0.48131907
0.9461362
0.9864696
0.65085244
0.97751164
0.9949851
0.6419486
0.98242813
0.94861704
0.98328096
0.98861235
0.6736535
0.92256147
0.9271719
0.979626
0.9713388
0.9237056
0.94871575
0.8480781
0.47902417
0.9704554
0.8656164
0.9461779
0.9315641
0.97870106
0.98267937
0.8673028
0.8961602
0.97662735
0.87282366
0.6522422
0.9548345
0.9355835
0.87454516
0.8956652
0.8687972
0.9825899
0.95014125
0.887145
0.93151176
0.93879706
0.9686376
0.6124368
0.96526206
0.96745145
0.5770103
0.97777885
0.913199
0.87383336
0.9871547
0.6499272
0.8602083
0.5057787
0.9402111
0.95580745
0.98870754
0.9273552
0.98117816
0.8437636
0.81572014
0.9775684
0.73364115
0.9050443
0.987205
0.76661706
0.16407132
0.9902992
0.9320839
0.9768678
0.8611493
0.6747938
0.8442099
0.534926
0.5169157
0.97291577
0.90563995
0.96291065
0.9695547
0.9693778
0.7551111
0.2860756
0.98289984
0.9693387
0.9059054
0.57029426
0.96441
0.98494554
0.9782648
0.8890486
0.57774013
0.8982566
0.9940018
0.90399665
0.991927
0.94079244
0.58803654
0.93899095
0.96848273
0.9922563
0.1245699
0.990638
0.8555475
0.7376769
0.95766485
0.9666099
0.8468594
0.9551567
0.9082737
0.6228337
0.9108588
0.9853709
0.81147987
0.6413317
0.9886952
0.64956635
0.81604815
0.9674163
0.89022493
0.9663677
0.71905816
0.7635446
0.9912478
0.983344
0.98101085
0.80942756
0.93242997
0.9946025
0.98530257
0.53374285
0.989038
0.9457525
0.79501235
0.9672218
0.9673857
0.9835781
0.7759881
0.6304294
0.91440195
0.9364354
0.5576187
0.89622563
0.9332562
0.19178432
0.9139745
0.30290243
0.97514343
0.97803557
0.9826278
0.8944273
0.947699
0.56233615
0.9596936
0.8488432
0.602522
0.9026022
0.830019
0.9248779
0.9926528
0.55494016
0.9896862
0.98969626
0.99234045
0.98572505
0.9799779
0.63493395
0.12628016
0.5249441
0.9478126
0.9674645
0.87082946
0.98434836
0.8985517
0.8367298
0.94953835
0.97802746
0.95968986
0.9962561
0.9949051
0.84726363
0.9865957
0.7896396
0.6151833
0.97404015
0.6086085
0.99028146
0.95371497
0.9229727
0.9814942
0.9082354
0.98111385
0.98194396
0.98954165
0.77207047
0.75117075
0.7137851
0.98032755
0.9803273
0.8293207
0.9813045
0.9859283
0.97518176
0.9718151
0.95516557
0.97470176
0.9460168
0.987953
0.9603842
0.9506585
0.947471
0.9602708
0.76836973
0.6157581
0.9818039
0.2613284
0.9743234
0.96722
0.32399973
0.75840545
0.7575038
0.70378774
0.9825044
0.9488592
0.39084753
0.8932305
0.9855965
0.7836619
0.9397079
0.92494106
0.65721303
0.9792589
0.80553263
0.67581856
0.89702
0.9845025
0.8658382
0.9846468
0.59676456
0.93192816
0.9306771
0.8379801
0.93681765
0.97665113
0.944629
0.9181775
0.61541677
0.94219023
0.8159446
0.9831782
0.84092814
0.873971
0.9923733
0.8735064
0.32990226
0.98846567
0.8973219
0.889524
0.8982563
0.99368554
0.77837664
0.9863247
0.9951675
0.9890415
0.6835979
0.9330179
0.9767224
0.9337294
0.12421302
0.9611008
0.96266687
0.7580674
0.98898774
0.9118149
0.9417591
0.94995886
0.7636103
0.9101511
0.9317546
0.63111377
0.9681948
0.82144564
0.97558755
0.88064355
0.9312976
0.7892672
0.9837704
0.9606457
0.53065777
0.75960964
0.9863919
0.92452437
0.9824753
0.9299051
0.92924875
0.5594457
0.95727104
0.9686386
0.96163285
0.76699215
0.9736057
0.959776
0.2946922
0.9509591
0.8173756
0.9598957
0.91258496
0.86199933
0.75779057
0.98563415
0.9667081
0.9230497
0.91878116
0.84085643
0.88787824
0.99153847
0.9916637
0.9881528
0.6877235
0.7507476
0.726138
0.84116846
0.96740884
0.8051036
0.7588462
0.5226331
0.9295017
0.0037811948
0.52088505
0.94815445
0.9495491
0.9243132
0.37868777
0.8520072
0.9878007
0.932601
0.98654896
0.94360775
0.9290937
0.99425524
0.85703665
0.7957543
0.9674017
0.9546336
0.94909203
0.98487407
0.99619067
0.5205137
0.90410763
0.88659066
0.7944055
0.99456185
0.6194793
0.98241824
0.8277439
0.9289179
0.83523905
0.838847
0.9363074
0.62088174
0.62501645
0.9458151
0.9696201
0.92665875
0.87990355
0.9795446
0.98784655
0.89703995
0.7386402
0.9910336
0.96930146
0.62893885
0.97351295
0.95590836
0.9629364
0.98348826
0.47040033
0.58552456
0.6616411
0.8130087
0.6486469
0.9141363
0.99634296
0.9524144
0.8454736
0.93467844
0.6878153
0.7106601
0.24641415
0.9106358
0.17323087
0.7452092
0.9690544
0.7013327
0.5935123
0.86942077
0.9573839
0.7733123
0.8394489
0.8905352
0.8129566
0.95644367
0.9716384
0.8419115
0.9751541
0.9801127
0.98601276
0.87831396
0.91411567
0.85391897
0.91957533
0.96654683
0.9803359
0.86801946
0.8475506
0.95495135
0.6311253
0.9116598
0.98986953
0.9187924
0.98513526
0.9576504
0.96550214
0.5884487
0.6749628
0.13507745
0.75584275
0.98448735
0.7470336
0.9811187
0.9254743
0.7756713
0.95562196
0.021456005
0.8759296
0.95553625
0.8884018
0.9340261
0.9922236
0.7512694
0.99182254
0.21761398
0.5370274
0.94956183
0.9480245
0.640208
0.9855436
0.56570315
0.85612947
0.9672928
0.4332662
0.9911611
0.9688618
0.80036956
0.95464337
0.90771556
0.75495803
0.8116317
0.8631214
0.9920969
0.85150945
0.8836569
0.959984
0.94418
0.84083474
0.9856021
0.8374426
0.39782795
0.48163235
0.9895112
0.9503373
0.950574
0.9741838
0.9708991
0.8874351
0.92074555
0.9463597
0.57664335
0.8923263
0.98626
0.9338166
0.32767117
0.9887544
0.7647047
0.7638995
0.864775
0.8535412
0.9519309
0.8753209
0.9638227
0.91399175
0.9753078
0.9790167
0.9725864
0.912962
0.7570943
0.9850397
0.916136
0.9405183
0.77244806
0.57528025
0.9244942
0.89552706
0.94961596
0.91511947
0.9279125
0.5960403
0.9506059
0.94828534
0.8997538
0.9909326
0.9489486
0.40413758
0.6523
0.9652492
0.98427075
0.9889208
0.56020993
0.0030601113
0.9629968
0.9873438
0.9796305
0.9657277
0.90376085
0.94156206
0.53581834
0.90970904
0.9659454
0.926725
0.9202577
0.5511715
0.9748336
0.85820174
0.9859325
0.8707606
0.9577732
0.9360212
0.83204186
0.96588534
0.6185737
0.29751045
0.793031
0.9221014
0.979618
0.44177893
0.9406644
0.97721034
0.98614
0.9757144
0.97915584
0.95034546
0.92646694
0.42019203
0.8661347
0.955122
0.9110089
0.85383415
0.98995656
0.9556731
0.9157207
0.97065544
0.97501004
0.26552206
0.9878395
0.9503687
0.8703625
0.83609325
0.89665306
0.7830594
0.9636963
0.94313556
0.47594044
0.8586069
0.6239894
0.11339242
0.9835745
0.9928767
0.9820243
0.69483715
0.47195885
0.98733425
0.98515356
0.9710524
0.9914061
0.6336307
0.94252825
0.8294622
0.98065495
0.9850214
0.7015659
0.9677604
0.980246
0.84484035
0.8390066
0.9655403
0.81874377
0.97804195
0.95277756
0.87790805
0.96492255
0.5070653
0.669446
0.983092
0.40163946
0.79918766
0.9143768
0.7501001
0.9526292
0.7915693
0.6348186
0.9641003
0.91541094
0.6953789
0.9511955
0.86475706
0.9925337
0.93574816
0.95175123
0.9738264
0.9759763
0.5208428
0.85691714
0.96194667
0.9926004
0.49751192
0.9386743
0.9749448
0.8900655
0.81554747
0.99151915
0.72849864
0.9787971
0.80356
0.41126293
0.921835
0.23577334
0.9857018
0.8882046
0.7886079
0.9641783
0.98674935
0.869991
0.96988994
0.9899787
0.63615584
0.27013
0.7996152
0.1683047
0.93381065
0.29048195
0.68335253
0.9846154
0.976149
0.8306935
0.9774529
0.91541356
0.7327629
0.97624534
0.96000123
0.9159493
0.9374663
0.9882642
0.77727
0.9785463
0.90375394
0.60996675
0.97969043
0.85205775
0.97132134
0.95897347
0.877796
0.9586413
0.9736963
0.94257325
0.91257983
0.86259955
0.5956158
0.96590024
0.94475317
0.96665454
0.9443659
0.8350702
0.98171014
0.98845214
0.9437095
0.9222424
0.98247105
0.89463294
0.73991597
0.97900575
0.70718294
0.94797134
0.72252023
0.9975146
0.7297342
0.49434537
0.76978874
0.8037403
0.9192022
0.9029058
0.91059756
0.7591395
0.96556884
0.9677145
0.9260929
0.89693207
0.9580025
0.92888355
0.9896339
0.95935565
0.98074865
0.98976433
0.94460636
0.9931386
0.9521004
0.98401916
0.65706426
0.5099374
0.9310742
0.799195
0.5089142
0.51636773
0.899859
0.5778358
0.511527
0.45460826
0.11936873
0.48926347
0.9891839
0.97465974
0.9789275
0.32278568
0.97243303
0.8228736
0.9098504
0.014393995
0.9851736
0.9888392
0.940684
0.42269206
0.95808685
0.686527
0.94498765
0.59378475
0.74008316
0.74730057
0.9637305
0.5030791
0.59668034
0.9403528
0.9783256
0.9573891
0.9654191
0.90758485
0.7291707
0.69020724
0.9936174
0.9186064
0.9971506
0.95324916
0.98367196
0.9511814
0.86793154
0.9382103
0.99047136
0.5670428
0.9452417
0.98686904
0.8880406
0.9009237
0.69958675
0.95739335
0.8143145
0.97448355
0.7842933
0.91129863
0.9307046
0.9712034
0.9729609
0.99176747
0.8658645
0.90473694
0.68017155
0.9656861
0.9652146
0.9048548
0.85101396
0.9815918
0.81532323
0.7670655
0.42403942
0.9314443
0.95003945
0.99340904
0.963604
0.96990955
0.98060703
0.6848553
0.9671491
0.97475797
0.9336083
0.57348883
0.9557856
0.9367926
0.9894978
0.9180985
0.92381656
0.83625793
0.93526167
0.8212725
0.9642323
0.97275406
0.97336596
0.9238022
0.770692
0.8456183
0.9082048
0.9684475
0.54013866
0.98460454
0.9293227
0.95619935
0.9844944
0.87471336
0.96903706
0.9829327
0.6216326
0.5498839
0.9518477
0.9599951
0.848352
0.56293917
0.8888897
0.909748
0.94045055
0.99005646
0.13495594
0.0020233267
0.9871258
0.9382216
0.95905924
0.9449461
0.919004
0.96462715
0.6505576
0.99081975
0.88007325
0.8451802
0.96839124
0.57017475
0.98465097
0.9071046
0.75137836
0.7191106
0.8885306
0.8570805
0.9775425
0.99155724
0.113256596
0.9648296
0.97173554
0.9835331
0.95311725
0.35141507
0.9010498
0.57106316
0.9221168
0.95081866
0.91427135
0.8467191
0.9354746
0.9136242
0.25676104
0.9864725
0.984203
0.22015247
0.90607285
0.9519648
0.9520829
0.9475823
0.2719815
0.20746613
0.5455737
0.32865262
0.8919871
0.9345802
0.92626196
0.9149149
0.9290652
0.5695115
0.95484865
0.94091105
0.94326943
0.9447633
0.91567355
0.6868307
0.9641276
0.73216254
0.8684903
0.9508911
0.35830015
0.54984355
0.66254455
0.7549417
0.93200976
0.94888
0.9336162
0.9105648
0.6618754
0.9044324
0.9875693
0.81438565
0.8226428
0.9138177
0.83364475
0.98426914
0.1543362
0.97541
0.9411241
0.1635405
0.9310929
0.89896566
0.9675242
0.78585094
0.71930903
0.9107554
0.20155154
0.9110872
0.9562285
0.9633417
0.8106268
0.82352364
0.9108242
0.91666174
0.9745008
0.92129797
0.5842744
0.85554236
0.6026969
0.907758
0.9845221
0.5357092
0.8336381
0.76567733
0.6834926
0.9318957
0.97595304
0.9584747
0.7569602
0.9718927
0.9928276
0.9667838
0.99117845
0.33715415
0.22815245
0.9572097
0.9827808
0.94191676
0.32936198
0.8077534
0.34485713
0.952085
0.9887561
0.87771773
0.96165764
0.93122274
0.8046195
0.9882493
0.9801681
0.99359775
0.63811487
0.98316044
0.95123583
0.9558516
0.9833724
0.86811626
0.9882334
0.98462117
0.98576283
0.99109155
0.65414095
0.38881862
0.5839423
0.98727083
0.53097755
0.8852364
0.87496775
0.9233083
0.9835523
0.9904869
0.9884503
0.99205774
0.23168594
0.5300454
0.9807411
0.98657054
0.95845336
0.74158895
0.97544754
0.89366394
0.878299
0.88230777
0.55858654
0.15636693
0.91350704
0.7450882
0.8945898
0.9849917
0.96050763
0.5578837
0.89630055
0.53636897
0.9703772
0.87324417
0.8356951
0.92223114
0.74789983
0.9919882
0.973945
0.89455163
0.9153563
0.92183834
0.93137866
0.9588916
0.9322404
0.58640313
0.5592871
0.9859337
0.9798763
0.91482556
0.49928814
0.66498834
0.918524
0.0015633448
0.25887048
0.9363451
0.9730815
0.642409
0.78132993
0.92732745
0.92413455
0.74639994
0.97084963
0.9592012
0.3496046
0.9685297
0.071218215
0.94273037
0.9413512
0.98715127
0.7198787
0.98099124
0.99200517
0.5899489
0.9022235
0.9759495
0.9344424
0.89083505
0.68902266
0.89083165
0.95770097
0.83629966
0.9535652
0.91616476
0.96203685
0.3453366
0.9567472
0.99273044
0.95599735
0.88638675
0.982477
0.82174397
0.76910144
0.98874515
0.26503977
0.9098151
0.671577
0.7826385
0.81318766
0.8558732
0.8966978
0.77233225
0.9289407
0.801628
0.9675171
0.97708976
0.65689397
0.9765603
0.97159284
0.654612
0.9248676
0.96739364
0.9870416
0.9918473
0.9862153
0.94191325
0.95243454
0.8229382
0.9559833
0.63271123
0.5660625
0.76411355
0.9907012
0.95997596
0.8184885
0.9369765
0.985657
0.9673551
0.8079292
0.26662797
0.9518234
0.97641456
0.993852
0.8327825
0.9402474
0.37686312
0.6120816
0.94333136
0.94808406
0.7909279
0.98402816
0.97272915
0.94018435
0.9597819
0.9325422
0.95628464
0.6662627
0.64477086
0.9274299
0.99297947
0.672371
0.8678331
0.987176
0.5398496
0.9179193
0.84737504
0.9355632
0.97540355
0.9887185
0.792437
0.7020865
0.7750855
0.9629394
0.9747028
0.9501125
0.8664997
0.8290498
0.8145998
0.9480968
0.82664955
0.97192276
0.9874473
0.17595622
0.96381533
0.46211025
0.59540164
0.28999016
0.970809
0.9827695
0.97628504
0.9921136
0.9910138
0.9271414
0.8353564
0.8552574
0.97881764
0.9458759
0.3683386
0.989593
0.96195936
0.97577965
0.6190135
0.9690131
0.98838323
0.96795726
0.6402799
0.919733
0.9190575
0.6983422
0.8286556
0.95380664
0.983904
0.9004174
0.94340426
0.95217526
0.9526528
0.7262803
0.68238366
0.92746913
0.21938229
0.88038826
0.9407318
0.98277044
0.9216564
0.78061855
0.9141331
0.9538174
0.99415743
0.56843376
0.50720173
0.86956227
0.9476366
0.9518383
0.9870165
0.95603013
0.74807495
0.9652186
0.91324544
0.90732765
0.98801047
0.9756901
0.8966031
0.9511305
0.7139297
0.9909094
0.7172551
0.9358933
0.8263031
0.91377014
0.6168826
0.94136584
0.9939202
0.6540129
0.957548
0.42640278
0.9657188
0.99047273
0.60651356
0.6924616
0.40803117
0.9812919
0.98699445
0.8449239
0.91522336
0.9791631
0.9395679
0.9640191
0.84078366
0.9721628
0.9234054
0.7520941
0.9767552
0.9048669
0.9853898
0.96961
0.84512854
0.98526347
0.9752558
0.8545332
0.8354597
0.27108896
0.96185094
0.58842766
0.8745127
0.9364556
0.95677173
0.79589075
0.97694516
0.9885999
0.71607524
0.9656339
0.96421957
0.99014753
0.9872967
0.76859593
0.9589818
0.59908044
0.9524397
0.60298073
0.6499028
0.9731905
0.7630787
0.6909573
0.5895205
0.05032056
0.96533483
0.92133605
0.980792
0.6204861
0.7107615
0.87228477
0.772001
0.22638214
0.95266914
0.93570286
0.97344166
0.08345173
0.38435552
0.9879088
0.98990774
0.8944841
0.97097135
0.9668452
0.86419696
0.9553131
0.98226905
0.9104696
0.9369568
0.974495
0.9375634
0.7292268
0.95812404
0.8326113
0.77379197
0.9880675
0.9869708
0.9859051
0.1762667
0.90829426
0.7740195
0.9819178
0.93811876
0.71164364
0.9355386
0.6258464
0.7046919
0.982438
0.9960115
0.98840487
0.9439293
0.002424153
0.74787164
0.87310046
0.92779136
0.7620848
0.96353424
0.9382405
0.9899642
0.96704674
0.91256005
0.9852697
0.46766973
0.8547142
0.8248009
0.9402938
0.98757905
0.9754726
0.89256245
0.94246906
0.9886903
0.9690242
0.9806411
0.9792172
0.9609918
0.92107725
0.6628131
0.951683
0.98072845
0.95424443
0.9818155
0.93477917
0.7562822
0.869667
0.8520253
0.91197056
0.88924336
0.9135426
0.2524939
0.9802609
0.7462621
0.89291674
0.9528529
0.8956872
0.987241
0.88572663
0.9561879
0.9451795
0.98296815
0.7576407
0.98693126
0.78721154
0.99165183
0.8886559
0.8561018
0.8307372
0.9827465
0.6239458
0.91811514
0.9791372
0.5070846
0.9806188
0.9414962
0.8964228
0.8609714
0.98791724
0.83039385
0.9617205
0.96221614
0.98140323
0.22465214
0.9663182
0.7890814
0.4809106
0.9498371
0.95537966
0.987653
0.84812135
0.71274334
0.9514517
0.9631114
0.910113
0.66406506
0.25321546
0.50203335
0.30675128
0.73486155
0.9316568
0.9739846
0.81238955
0.5809309
0.9668843
0.9508121
0.6425644
0.75216
0.8313428
0.949905
0.749223
0.9236215
0.98448735
0.9477837
0.4400526
0.04940464
0.8724632
0.8116359
0.930653
0.91385615
0.98767173
0.7989017
0.9827775
0.675334
0.7427637
0.64008206
0.96016246
0.96194005
0.61125153
0.9887982
0.641948
0.951458
0.9722304
0.99028605
0.93627155
0.95905656
0.91974926
0.96697503
0.803974
0.7419262
0.6686674
0.98779917
0.8113638
0.8790085
0.9948868
0.993186
0.6868973
0.46423668
0.98548
0.63686067
0.9824284
0.73509485
0.99220467
0.45499313
0.98274475
0.856942
0.8890853
0.92568904
0.9218521
0.98966193
0.7833351
0.93059576
0.9747712
0.977715
0.98953897
0.94458383
0.9674122
0.9253978
0.5214214
0.9572211
0.90566236
0.9897037
0.9883712
0.96184564
0.80249715
0.97967863
0.78696257
0.50243634
0.48891848
0.88119274
0.9879369
0.96002364
0.94140345
0.9640541
0.8864248
0.11053879
0.6134538
0.97806996
0.5001889
0.97659564
0.695167
0.81221354
0.9833334
0.7451763
0.90654325
0.9601639
0.51950955
0.8786133
0.9207027
0.98366815
0.79508513
0.9827176
0.9470436
0.8878756
0.5879736
0.86703527
0.75332093
0.9852411
0.81489015
0.9539192
0.49316475
0.19400725
0.95809734
0.88356066
0.2966205
0.9301364
0.97826403
0.79098946
0.98536843
0.98639953
0.80318063
0.93543625
0.8242922
0.9537958
0.93960685
0.9578725
0.96134454
0.95718
0.98634547
0.8574743
0.7313628
0.96546346
0.91780233
0.6086589
0.9842717
0.9219626
0.672837
0.972141
0.9760592
0.5760707
0.21623345
0.9224805
0.936728
0.979385
0.98080987
0.34133843
0.9323709
0.5628184
0.11682845
0.9606927
0.98322314
0.98896
0.99333173
0.96754754
0.86596465
0.81565636
0.77987075
0.98745126
0.9915017
0.96624917
0.9866535
0.9348845
0.94478935
0.96217555
0.5106984
0.48548484
0.48787248
0.93932575
0.94901323
0.59281135
0.95820636
0.99351513
0.9809029
0.80579627
0.3064487
0.960113
0.9820424
0.9479284
0.8638179
0.9278893
0.98937184
0.9928803
0.9944807
0.99452657
0.98741853
0.96514755
0.5498887
0.36385578
0.90845054
0.92983687
0.9609129
0.96488804
0.9439998
0.93752664
0.8252178
0.97936076
0.7735373
0.9029077
0.9138232
0.9844578
0.7843746
0.87290895
0.8317994
0.68238336
0.96270776
0.8021982
0.8855173
0.8078204
0.95014757
0.826831
0.975941
0.91905195
0.9767397
0.9594664
0.98267674
0.97905844
0.99529123
0.99448
0.98413867
0.97856176
0.87562746
0.98748404
0.19918069
0.9232552
0.89485884
0.9335596
0.7781567
0.9022929
0.9884799
0.8138354
0.99473697
0.86506355
0.9951597
0.72770554
0.98909026
0.9402711
0.99488753
0.89467895
0.93296546
0.77092963
0.8972046
0.95704144
0.8368308
0.49737126
0.9758768
0.85208124
0.9891466
0.91845304
0.58727264
0.97176415
0.9753542
0.9733387
0.9439247
0.8980312
0.97428346
0.954009
0.9657837
0.91495156
0.9412373
0.9814944
0.9008359
0.9686601
0.907592
0.46531823
0.942509
0.97839385
0.92068106
0.9655827
0.8741489
0.96783966
0.9797007
0.75319684
0.95157593
0.4823258
0.9409096
0.91242665
0.9683413
0.853048
0.9101704
0.84470123
0.6150221
0.9775007
0.17397253
0.8936093
0.9040779
0.94712687
0.7472164
0.60840416
0.94960314
0.70341843
0.09971938
0.6516361
0.99451315
0.9264893
0.97509116
0.59371924
0.9536251
0.81894726
0.94067365
0.9103963
0.9728501
0.92792183
0.89061177
0.66448873
0.96016884
0.91732854
0.718603
0.9583224
0.96141076
0.14739831
0.8425494
0.9807869
0.6868649
0.954924
0.8693666
0.99083614
0.9901551
0.95929784
0.99495393
0.9253468
0.9192174
0.9403314
0.9148771
0.99558026
0.8806686
0.9880378
0.9911015
0.10892945
0.9888586
0.9892729
0.98601323
0.8781633
0.84146243
0.9642846
0.023633568
0.84111136
0.9210498
0.9695923
0.9454732
0.8974096
0.9627612
0.882021
0.8693221
0.7915569
0.9518844
0.7887994
0.951378
0.89827496
0.9917155
0.46618855
0.8703721
0.97730845
0.91608965
0.8934514
0.98518544
0.9167277
0.95278144
0.65016174
0.73908377
0.9864021
0.97265065
0.9824348
0.21964453
0.9867905
0.8503614
0.9070447
0.9940574
0.8848819
0.7684239
0.45994976
0.9852395
0.9925155
0.9795833
0.7103459
0.22877689
0.3947569
0.979113
0.7605177
0.46050024
0.9651527
0.9769071
0.85626733
0.98105836
0.9830325
0.9503706
0.6668345
0.9550414
0.9929155
0.9685213
0.3357152
0.9582417
0.96738565
0.8414198
0.9510199
0.97215784
0.97964865
0.9386143
0.8513859
0.90782434
0.8554882
0.8339122
0.9589301
0.9914247
0.9502278
0.4844389
0.99388367
0.48683217
0.95933604
0.9229588
0.92841077
0.9441561
0.96825904
0.12133468
0.9894197
0.93663824
0.5432263
0.944539
0.89409673
0.34126472
0.94867015
0.81931907
0.72977597
0.95189035
0.98580384
0.99122065
0.95087945
0.92360383
0.9500429
0.95447165
0.9724743
0.52884257
0.9592566
0.88010377
0.9786952
0.94238174
0.80648977
0.9351027
0.9738954
0.9613066
0.70064205
0.22569223
0.7043964
0.8636218
0.53601587
0.9313418
0.92078197
0.8635489
0.81252325
0.99024594
0.98353267
0.68619084
0.9722797
0.7306238
0.5762134
0.9785315
0.58814925
0.7558624
0.490357
0.9837625
0.3314264
0.71147215
0.86182785
0.92833614
0.88476497
0.9498441
0.9193619
0.98234564
0.97720146
0.7702278
0.98176306
0.9888622
0.63169825
0.9907046
0.99273527
0.96677434
0.924032
0.9368053
0.9897877
0.9821171
0.98790926
0.7013559
0.9895997
0.92473656
0.9621095
0.98008096
0.9462401
0.9485602
0.92032444
0.7035772
0.8339177
0.83871794
0.9632293
0.8695773
0.84956586
0.9562346
0.55964416
0.97770375
0.97065663
0.8985849
0.9555412
0.7726469
0.9407762
0.8670513
0.57267994
0.9850402
0.9225324
0.9859162
0.5756137
0.91644263
0.9693859
0.9068439
0.92186314
0.9834837
0.93972766
0.9735544
0.7538441
0.7660952
0.3404415
0.94273406
0.9341685
0.97281396
0.7388264
0.9565493
0.8202121
0.95652616
0.93213373
0.95711154
0.9475565
0.97959936
0.9160219
0.7724659
0.89501923
0.9001725
0.74765897
0.94274575
0.9143959
0.9693754
0.82446593
0.9787966
0.9793935
0.9938478
0.6890843
0.87628114
0.90735054
0.9546024
0.9617054
0.3348042
0.9829806
0.9127475
0.8747121
0.980674
0.97702956
0.8641651
0.9875986
0.86054164
0.93078196
0.7015866
0.8375486
0.9604406
0.863012
0.9542335
0.98932123
0.8948168
0.9427884
0.67908394
0.81379175
0.68360716
0.6526238
0.9855181
0.9825064
0.97974455
0.98545134
0.44815382
0.8445817
0.7302287
0.19581139
0.97139174
0.50698954
0.8251066
0.9843689
0.8627058
0.91705143
0.7257804
0.97789097
0.99192774
0.9749228
0.97532064
0.9601295
0.9862925
0.95356494
0.9712019
0.992698
0.6984269
0.9809106
0.9489587
0.77196103
0.917047
0.33202684
0.6708733
0.8905876
0.9356248
0.92014617
0.97561
0.97155577
0.92365146
0.92160153
0.9588893
0.34184963
0.9752794
0.8930275
0.9581756
0.9897625
0.9741673
0.91072166
0.9358555
0.68371594
0.98671234
0.92254585
0.81182337
0.9653248
0.96129465
0.9760524
0.7558073
0.9663499
0.91499925
0.9207451
0.13106976
0.93487996
0.95187813
0.8496096
0.69251823
0.90885556
0.99505496
0.55239916
0.93957055
0.92651886
0.9794947
0.9956981
0.89978606
0.16133657
0.9429584
0.98124194
0.3800777
0.9608199
0.981026
0.98605263
0.76884305
0.95834464
0.95223373
0.96143967
0.9721585
0.96779156
0.8275597
0.6932467
0.99333006
0.9804559
0.90196246
0.9934377
0.60518855
0.92687887
0.63185436
0.97931355
0.9768256
0.9566045
0.5981845
0.7896482
0.85789573
0.5920779
0.99090976
0.9478425
0.81647325
0.9347313
0.97621006
0.57431686
0.3469611
0.8984144
0.80226237
0.44798687
0.898151
0.8415731
0.94816864
0.91884637
0.7443838
0.9857896
0.25731868
0.9751855
0.5456805
0.6402941
0.76050025
0.75046426
0.9680511
0.7384101
0.8954808
0.9838309
0.9865849
0.974177
0.9094101
0.9368253
0.94234157
0.80933076
0.89325196
0.95380163
0.0032380694
0.88429874
0.97747904
0.86838996
0.9463424
0.9866752
0.9835471
0.76690006
0.8816571
0.9782622
0.6756099
0.9519995
0.36727518
0.587889
0.98362225
0.97964555
0.982512
0.9823088
0.9859261
0.9880662
0.97783184
0.75185615
0.8789715
0.9791383
0.699929
0.29882455
0.23397249
0.9557123
0.88423944
0.95097613
0.43758923
0.98704857
0.9224354
0.9616225
0.9137406
0.86977416
0.9236997
0.92826766
0.9202919
0.96464276
0.726254
0.7984487
0.9840604
0.94413084
0.9909018
0.5454179
0.86437285
0.8319145
0.9743949
0.8811167
0.9901271
0.832217
0.7292296
0.7434859
0.9804781
0.90623933
0.94530135
0.78591985
0.764102
0.8992849
0.98697555
0.78415465
0.82360077
0.9591252
0.5752119
0.98201674
0.96866435
0.56201184
0.8715767
0.9862352
0.78140837
0.5025194
0.8618347
0.9465505
0.961281
0.82650816
0.8382109
0.9304516
0.9916298
0.92224514
0.98752975
0.8361922
0.9606776
0.4098194
0.60635644
0.9312405
0.987961
0.57483715
0.99089855
0.9382841
0.9897445
0.9436172
0.94191474
0.522116
0.7348172
0.8016231
0.87080175
0.9906018
0.96018374
0.9865633
0.9591341
0.9447187
0.50457734
0.9419962
0.98159033
0.82624847
0.8472588
0.8584824
0.85122156
0.991146
0.98718137
0.98424107
0.99452484
0.8034665
0.9329786
0.926998
0.9587984
0.86934894
0.3812912
0.9867513
0.7503933
0.9842332
0.9853754
0.40348655
0.7554053
0.9647091
0.8847003
0.8507456
0.59813726
0.034650758
0.6133011
0.47753146
0.9902772
0.9752332
0.9853387
0.9716371
0.87747
0.9674238
0.7543463
0.96525884
0.92296743
0.47606754
0.9336362
0.43717152
0.96999884
0.890651
0.939072
0.9010845
0.9416169
0.94160646
0.76966655
0.9663499
0.97160757
0.84299415
0.84663904
0.9550116
0.94742787
0.9884172
0.94034785
0.9874763
0.98898286
0.8891021
0.9659768
0.9354902
0.20607316
0.9857325
0.8081534
0.8948071
0.85667604
0.90124375
0.54100984
0.95527196
0.68787056
0.82535946
0.74329925
0.9732816
0.43840596
0.88528645
0.9827953
0.0024383129
0.8736901
0.902534
0.5380834
0.329414
0.66111344
0.9938029
0.8700081
0.97134846
0.8477338
0.76825464
0.88179255
0.77690923
0.7576761
0.97421163
0.85925186
0.8854427
0.92427266
0.969945
0.969173
0.91129833
0.9394923
0.06693947
0.94264835
0.9544653
0.95839465
0.96842265
0.9642392
0.99049604
0.94265896
0.63931966
0.9726546
0.9254556
0.98203975
0.49550837
0.9433579
0.95815414
0.9579605
0.9619286
0.9766366
0.92532766
0.44598308
0.86722946
0.85123885
0.9858255
0.98458254
0.9431636
0.6920107
0.9558551
0.35378483
0.21839032
0.9819708
0.98630524
0.97980344
0.9470054
0.98002553
0.72950447
0.46939465
0.95773137
0.9641646
0.6613954
0.8022743
0.5811569
0.8953833
0.40848997
0.18688609
0.1565273
0.6481817
0.983536
0.97746074
0.98215693
0.77916926
0.25450897
0.37584823
0.96033114
0.8904218
0.106603056
0.94206107
0.945738
0.23657653
0.06533382
0.9814527
0.6978987
0.984277
0.9827849
0.97654766
0.8288183
0.9565557
0.4125592
0.86600167
0.9868369
0.61627805
0.76359814
0.29948696
0.9637614
0.9743774
0.6896726
0.97882104
0.98152876
0.9912174
0.6724152
0.51941943
0.9866681
0.7915602
0.9219707
0.8568999
0.5136813
0.9574987
0.8222771
0.21142574
0.9955428
0.9763548
0.53894544
0.32035607
0.9428673
0.9500558
0.7430044
0.98695683
0.99170226
0.8269569
0.89078456
0.942511
0.95822364
0.98719305
0.21313724
0.98740244
0.92958856
0.6883867
0.9546057
0.5241103
0.9726625
0.8706625
0.9027122
0.93224466
0.9902227
0.88740075
0.6176639
0.95784837
0.94880104
0.38791946
0.9583758
0.9801012
0.9303319
0.98606515
0.97668105
0.95869434
0.9825883
0.9532987
0.8636669
0.908803
0.9933652
0.97886014
0.52521443
0.69826674
0.8715369
0.2565255
0.8281366
0.9620517
0.9343364
0.6859638
0.9678151
0.89504683
0.8951669
0.8090588
0.8993102
0.39153063
0.79912955
0.39431602
0.8333393
0.18141401
0.8627576
0.8169286
0.9728416
0.9373153
0.984992
0.9327077
0.79109883
0.77128404
0.974377
0.8417865
0.90311956
0.99014854
0.6082485
0.623553
0.57151353
0.8932305
0.9060548
0.81885326
0.9361126
0.9891773
0.643813
0.96376103
0.8581985
0.9325538
0.9236748
0.88833934
0.9793874
0.82447696
0.96787137
0.17117488
0.96801645
0.9687728
0.8145067
0.33395058
0.99000144
0.9285185
0.7451274
0.9069213
0.870586
0.9750787
0.7428826
0.87315583
0.9629263
0.94891566
0.8125896
0.761527
0.8277018
0.6295088
0.9855629
0.9553321
0.37314895
0.9962813
0.9926997
0.8852199
0.99059665
0.46269548
0.934861
0.6411981
0.9154309
0.73662734
0.74977607
0.94064444
0.92072606
0.5078126
0.98670644
0.9311355
0.97869164
0.97659874
0.74401367
0.905776
0.8857707
0.8455958
0.99522036
0.9811792
0.8553925
0.9638101
0.87445176
0.762322
0.8471949
0.9830736
0.9297162
0.6215487
0.97603285
0.838486
0.9002125
0.6661981
0.9593819
0.9589098
0.39159954
0.12721989
0.0017462174
0.72441274
0.6761259
0.9468739
0.96385294
0.8601341
0.95003366
0.8863171
0.9367721
0.9749346
0.94950724
0.9867029
0.5658578
0.9160517
0.87145716
0.9433269
0.9890168
0.9750421
0.96158856
0.8102947
0.5356301
0.9909984
0.9911328
0.86116487
0.95100695
0.9873275
0.8330604
0.9691
0.91998893
0.9220552
0.9765411
0.965003
0.9808133
0.7709849
0.9749733
0.9157047
0.922457
0.9853999
0.97735506
0.8848915
0.9604243
0.57458764
0.986159
0.98256713
0.9913338
0.9302526
0.9804623
0.9458963
0.73015404
0.9604673
0.9464608
0.8483352
0.6906994
0.7961199
0.95671433
0.9795218
0.70042527
0.8791846
0.64985716
0.7318307
0.91809267
0.93737394
0.840838
0.6518423
0.87332416
0.96685636
0.3328241
0.7258672
0.87280387
0.5554711
0.76115
0.9856641
0.95636123
0.97007835
0.89352447
0.9545566
0.98797625
0.42833024
0.96556014
0.32598254
0.99263304
0.3804149
0.9920495
0.9285946
0.47531068
0.9956458
0.47466695
0.8483251
0.9513127
0.9260099
0.8090384
0.9692844
0.8900269
0.95062846
0.9859816
0.96982366
0.9911595
0.20632474
0.99374455
0.85504746
0.9854866
0.9384109
0.655322
0.906632
0.8824178
0.840393
0.8349911
0.9421516
0.98106647
0.7386203
0.9842017
0.90843314
0.77027196
0.97161406
0.6414803
0.5069912
0.95019925
0.96636516
0.7862235
0.98839265
0.9608159
0.8742121
0.88522846
0.33875638
0.7829261
0.74494547
0.98570293
0.8123132
0.8989186
0.84578556
0.41596305
0.9167408
0.7002028
0.9561679
0.96409786
0.76085395
0.9563137
0.47885194
0.3619621
0.7972819
0.9895443
0.98951507
0.9242784
0.91551054
0.9883278
0.9786396
0.8965376
0.8101233
0.9713121
0.96628946
0.74661577
0.9799227
0.9819017
0.7243152
0.9238616
0.7607656
0.9490024
0.95487607
0.73297095
0.94756347
0.97781235
0.9039575
0.972996
0.79065937
0.71702355
0.8896161
0.92752516
0.91351736
0.97996545
0.58658385
0.72378695
0.6396402
0.9006617
0.92103946
0.92431265
0.9160012
0.90320224
0.92844784
0.9313284
0.4928883
0.95126987
0.9605094
0.6367637
0.55274856
0.9764163
0.9345152
0.4011856
0.92086554
0.9484482
0.9609325
0.16845982
0.6245324
0.9892174
0.69091797
0.98476493
0.907555
0.9748309
0.9873029
0.90092576
0.9334606
0.9316871
0.017433098
0.30386084
0.9284094
0.68738043
0.9834139
0.87680185
0.62733924
0.4058194
0.42428216
0.9766882
0.94485533
0.5063278
0.6886299
0.9582164
0.9401283
0.9669872
0.7955157
0.9594115
0.5140756
0.77519894
0.9831119
0.91016454
0.904476
0.64333534
0.9725946
0.8518132
0.66536397
0.8979258
0.98224086
0.71850276
0.8740144
0.97674346
0.9782623
0.93692887
0.96357685
0.9553713
0.9777779
0.35332865
0.86600405
0.65052164
0.9422391
0.46108025
0.54797655
0.96102506
0.85573494
0.94798744
0.503739
0.91234964
0.97380775
0.8950665
0.9103438
0.8666563
0.80500007
0.91683346
0.24397068
0.98407537
0.9761145
0.3045854
0.9042927
0.9161416
0.7947555
0.69903153
0.9907135
0.9713557
0.38931006
0.9871631
0.9228965
0.9818943
0.9476346
0.29322323
0.3898779
0.84436333
0.9698186
0.9367218
0.9499107
0.5638117
0.8264736
0.9034219
0.92160076
0.97718686
0.9727005
0.7737206
0.92778367
0.83107257
0.8468098
0.9853963
0.84222895
0.95033866
0.9733104
0.9851778
0.80095494
0.94331586
0.8792484
0.5314217
0.9671148
0.9865606
0.731041
0.91515446
0.9193143
0.94026256
0.9766883
0.6670508
0.9791286
0.9480665
0.985052
0.9416666
0.9625741
0.8192583
0.96796364
0.9176915
0.9906337
0.98486197
0.9878549
0.94539833
0.39294946
0.9785156
0.91969824
0.36753112
0.6255341
0.97988975
0.97386295
0.26125976
0.9138122
0.68780625
0.932014
0.81081676
0.9893031
0.95963013
0.97849804
0.31886947
0.8514537
0.97832435
0.9906893
0.8454989
0.87756765
0.970302
0.9786038
0.99288094
0.8353512
0.9046304
0.97752553
0.84835637
0.6325021
0.9547104
0.89195174
0.9894991
0.99504435
0.6481307
0.9784539
0.91750985
0.33304328
0.36832973
0.97444224
0.68293333
0.937569
0.48058394
0.8369714
0.9845213
0.8638599
0.8255858
0.33828616
0.9343681
0.90188795
0.7664556
0.9750622
0.9567473
0.6405986
0.950349
0.7819324
0.93538195
0.9603884
0.58693415
0.68193555
0.94746953
0.96316373
0.23255673
0.9935969
0.97791153
0.951453
0.5876669
0.8623721
0.9645483
0.7112819
0.96369296
0.9895837
0.86679804
0.782379
0.92999953
0.90884584
0.9356524
0.98213744
0.97894144
0.96261
0.9278706
0.96791524
0.5226508
0.7481967
0.96830606
0.95849144
0.91056085
0.5963547
0.9739482
0.8996055
0.9431116
0.9196373
0.8218939
0.9737446
0.9465561
0.96022594
0.9266089
0.85949874
0.8706999
0.87123096
0.50101477
0.73790455
0.98040456
0.96883744
0.5376418
0.9023614
0.99103844
0.96146435
0.63359916
0.9903928
0.21450427
0.8889527
0.9664083
0.5944057
0.9076633
0.81519616
0.91861534
0.9546548
0.93993217
0.9838283
0.71609974
0.8845537
0.49117783
0.9837547
0.755553
0.9432522
0.9545732
0.9771791
0.954425
0.7905807
0.86354834
0.8650886
0.94025433
0.433825
0.96909934
0.8805652
0.9615334
0.98707145
0.87208533
0.40898836
0.9814122
0.9671536
0.9830564
0.89568883
0.9842165
0.39233673
0.9602647
0.8132514
0.71316344
0.9786453
0.9515475
0.9595632
0.014399859
0.9618623
0.94427544
0.9535582
0.95257413
0.99085355
0.8532086
0.96170145
0.9364014
0.9902351
0.8705985
0.8264516
0.9431675
0.9257228
0.74164075
0.9856309
0.992675
0.30734023
0.9717181
0.98684454
0.8596991
0.72849095
0.9787674
0.9471426
0.981037
0.9544673
0.91110903
0.96306396
0.8127388
0.95304966
0.7591727
0.856284
0.7523591
0.88034016
0.9597683
0.8017187
0.9621814
0.98155886
0.52605027
0.9868732
0.35455492
0.97538304
0.9241754
0.4953453
0.79429823
0.9005018
0.9168479
0.8116788
0.98350567
0.90482956
0.9927394
0.54857254
0.4064046
0.9624645
0.87089974
0.9175809
0.608664
0.95658493
0.9937784
0.986618
0.92669743
0.75740343
0.97096777
0.8178582
0.94821846
0.8250563
0.9964491
0.9687705
0.81664455
0.95185816
0.975764
0.8427445
0.9819421
0.98158735
0.9889966
0.97421753
0.96886003
0.916314
0.97079515
0.70261854
0.92946297
0.9758613
0.76379305
0.82978845
0.98296714
0.97903675
0.9456218
0.98930323
0.9332794
0.94685256
0.913313
0.9859703
0.9546947
0.95639485
0.9794555
0.7973496
0.7310075
0.9555776
0.9649241
0.9648949
0.9814788
0.95967036
0.9819328
0.9803898
0.9422509
0.71992135
0.9158489
0.89939684
0.9369078
0.96869063
0.64242595
0.9905505
0.40933242
0.6240001
0.90969455
0.95073664
0.80782694
0.6215827
0.97546935
0.98814
0.930304
0.92061853
0.96860653
0.5457586
0.8958218
0.869022
0.27539128
0.87601256
0.9090702
0.8119821
0.813737
0.96641535
0.9749752
0.765675
0.035711125
0.9752371
0.9569245
0.9672349
0.8384857
0.90627605
0.92309
0.90040606
0.23307393
0.84528667
0.95068485
0.99329364
0.7866376
0.92428255
0.9150602
0.99123794
0.98607105
0.65702844
0.92717606
0.5937664
0.9458886
0.97706944
0.9692383
0.9813613
0.58821285
0.16239151
0.96969616
0.8669282
0.76537013
0.9181444
0.98657113
0.969597
0.96324223
0.97681034
0.8430628
0.97535294
0.9796505
0.29995668
0.9604343
0.98014385
0.66326815
0.7717567
0.6371818
0.9243516
0.9847222
0.898847
0.8728412
0.96123636
0.4620938
0.8029488
0.74583143
0.79769623
0.6985699
0.91978776
0.91129154
0.64219195
0.69035125
0.992311
0.8256754
0.9473042
0.5594887
0.87615806
0.89633316
0.89660037
0.8489973
0.8662666
0.9953746
0.7366125
0.98095345
0.5529991
0.69519544
0.9353231
0.937214
0.9691078
0.94900423
0.9925331
0.8068967
0.9467534
0.7968146
0.9796948
0.78617924
0.6697225
0.85756254
0.96919954
0.54412866
0.9774548
0.8943491
0.97616196
0.0015722279
0.9901957
0.9041414
0.94029427
0.91791934
0.688865
0.9896746
0.62692463
0.9540494
0.9591764
0.9714414
0.94925743
0.829195
0.95574576
0.9720419
0.41244477
0.65924495
0.97186905
0.98955053
0.9909237
0.5167903
0.88496125
0.8090171
0.92945427
0.6382563
0.82163846
0.79367113
0.9580731
0.56225634
0.6446194
0.5576038
0.93600094
0.8879719
0.96976334
0.87697595
0.9767993
0.7571156
0.879776
0.9935626
0.98412365
0.6429289
0.8497298
0.9422261
0.9851398
0.990393
0.99180627
0.99064726
0.94736767
0.988112
0.18178295
0.97757554
0.9466679
0.9794643
0.9798022
0.9461572
0.8920142
0.9597607
0.63367015
0.9035913
0.9870466
0.66296303
0.8999822
0.98129714
0.9905404
0.9305204
0.9598702
0.9718623
0.7426354
0.9228536
0.29460627
0.87078166
0.42509276
0.78061783
0.9924448
0.9663727
0.7845415
0.9835526
0.9739638
0.75978357
0.76111174
0.9899047
0.63706213
0.93121725
0.9337039
0.87722975
0.9879754
0.95584625
0.43751892
0.23307304
0.9038261
0.9227027
0.64355737
0.9305517
0.7684023
0.8750375
0.8849903
0.95136464
0.99300545
0.91478574
0.7646128
0.9435555
0.96219563
0.9098265
0.36278573
0.97632444
0.980703
0.97961694
0.7507087
0.5764704
0.76689273
0.6820187
0.99272776
0.68506145
0.91199374
0.9274944
0.8453139
0.9057672
0.91672754
0.97824323
0.9535052
0.46825394
0.14485776
0.905534
0.9535722
0.63968885
0.9195867
0.93621624
0.96702284
0.97443753
0.98509765
0.8209507
0.86737883
0.96778214
0.9143384
0.90533864
0.9271193
0.91559106
0.96121347
0.93909115
0.7492301
0.73686266
0.9535089
0.88776785
0.7127588
0.9852878
0.92481977
0.976866
0.97521985
0.9876589
0.9833257
0.89347005
0.95882136
0.98995626
0.9669417
0.9827423
0.89335483
0.91437215
0.9654298
0.8642378
0.97708184
0.74257076
0.9390134
0.9782357
0.9933656
0.6421655
0.6238544
0.7153672
0.98787516
0.86472344
0.97106653
0.9168248
0.35568118
0.80394715
0.7540769
0.9412021
0.97848904
0.88586235
0.88334435
0.94420075
0.6083848
0.9683737
0.9491173
0.9427293
0.9608737
0.9211337
0.9817032
0.931046
0.61327696
0.8956796
0.45848683
0.3805705
0.9102182
0.8743075
0.89551836
0.98544115
0.70275915
0.9866384
0.97698087
0.939744
0.97210294
0.57826763
0.98558193
0.9354946
0.2054422
0.9230865
0.93454474
0.86391175
0.9728526
0.0038391633
0.9081448
0.78529406
0.82054514
0.92917955
0.8202386
0.87926936
0.93373436
0.92773914
0.809786
0.94983864
0.3071942
0.7741133
0.81660074
0.92880416
0.8171651
0.86391085
0.9901866
0.9768638
0.9897607
0.979
0.92893416
0.9376528
0.91234756
0.9220403
0.6388424
0.8746729
0.9944807
0.72108525
0.97189677
0.9711113
0.8572199
0.40087873
0.3072738
0.9381457
0.55075336
0.95813423
0.94729525
0.9669949
0.8667738
0.53054297
0.29086182
0.804744
0.9039201
0.9635039
0.88703835
0.7458452
0.6750358
0.71216714
0.9610291
0.9844952
0.9676125
0.7227658
0.011692977
0.734656
0.97616196
0.8743053
0.8277752
0.84964645
0.8925444
0.67225665
0.92573637
0.8562276
0.8869065
0.9024982
0.7561472
0.9883139
0.9564502
0.7820226
0.9481406
0.8858951
0.63599646
0.9397191
0.99456847
0.9764173
0.79108506
0.9625826
0.96948147
0.9641379
0.84693044
0.79549193
0.8996698
0.7856994
0.7343807
0.6180913
0.91558707
0.78046036
0.33634079
0.98409086
0.9820306
0.8255376
0.9054455
0.9893584
0.92968035
0.4590936
0.9920399
0.99064624
0.96020275
0.9311488
0.34169275
0.7975913
0.8713396
0.9482291
0.9938111
0.9769678
0.904127
0.9807295
0.97281814
0.92334706
0.76049644
0.8452068
0.9718331
0.7942963
0.94371116
0.98322475
0.9783716
0.99044704
0.99450326
0.9736347
0.97756666
0.97423506
0.78815854
0.5858774
0.9888498
0.0044177365
0.90876716
0.8412355
0.95446795
0.8148755
0.34738773
0.7073168
0.38712722
0.9257895
0.75988805
0.2655872
0.9747405
0.9699257
0.95345557
0.99155676
0.7795904
0.8796354
0.9453231
0.975572
0.9728885
0.98036516
0.93329036
0.9089694
0.7416085
0.9646846
0.9401772
0.9503205
0.9892827
0.7706602
0.9797125
0.9500472
0.9804983
0.9776673
0.5236997
0.96283007
0.8829099
0.97504485
0.9784815
0.752827
0.588253
0.93256515
0.8595766
0.2898039
0.9885675
0.97958297
0.97022915
0.9384259
0.9395996
0.8616584
0.85279715
0.92291236
0.7632048
0.9822725
0.98720235
0.6195457
0.98785955
0.39188445
0.72757983
0.97378063
0.9539415
0.33425334
0.9864971
0.9454371
0.83230823
0.97269654
0.9458171
0.4807666
0.279023
0.9686155
0.9977422
0.7033382
0.45292464
0.9227222
0.9700494
0.9850021
0.9812781
0.9356651
0.51015925
0.8274742
0.96317357
0.9871976
0.79480404
0.8838151
0.99371284
0.9180596
0.9601376
0.99448
0.88986087
0.9159459
0.7534079
0.66414016
0.84150326
0.889312
0.022954943
0.8177126
0.982566
0.9789788
0.8961946
0.99315745
0.8434933
0.9558489
0.6301934
0.99281293
0.9748726
0.950012
0.6895971
0.9782909
0.57578963
0.95753455
0.9169641
0.98627037
0.6647632
0.80291706
0.3918698
0.9668182
0.90934694
0.9503551
0.48760906
0.3212837
0.96749187
0.9534573
0.49386492
0.67824686
0.9823568
0.9418112
0.87860936
0.9875986
0.7856568
0.9697029
0.9504603
0.8366433
0.14529398
0.94276786
0.9559255
0.95081306
0.6736918
0.36484772
0.53891635
0.6908122
0.8856982
0.98736286
0.99153733
0.9050789
0.79817224
0.9681475
0.9526172
0.95977926
0.8876891
0.8456646
0.9192463
0.9714243
0.9841213
0.9509135
0.9893622
0.91478384
0.5090991
0.24331602
0.47457466
0.9735146
0.7172666
0.82474416
0.9671348
0.3640543
0.35030946
0.89397573
0.97401875
0.8493223
0.94517076
0.987086
0.98990625
0.97386473
0.92768764
0.851601
0.98581356
0.96222234
0.0009510059
0.9793338
0.92524254
0.9536923
0.9556164
0.75015485
0.76079756
0.9904669
0.9569028
0.9501672
0.9824417
0.92408717
0.96575636
0.9943604
0.8622581
0.83230126
0.8356589
0.4829907
0.95586485
0.9608016
0.89667577
0.73834217
0.98666406
0.9387433
0.844655
0.65187484
0.65371543
0.95540696
0.9236443
0.97272646
0.76417613
0.9550875
0.99097955
0.81363326
0.9794185
0.9740155
0.99378645
0.0957142
0.7507418
0.97635454
0.7462098
0.98317105
0.95643586
0.50481904
0.82859445
0.9038586
0.98032033
0.80645466
0.98328453
0.9791318
0.9898205
0.9729433
0.9709364
0.09990897
0.9838252
0.7282929
0.68330526
0.7068197
0.9783709
0.9891734
0.7788663
0.98162514
0.53079015
0.8271018
0.65270287
0.9764473
0.7113448
0.9392073
0.07112125
0.9600677
0.79412985
0.9712019
0.9533713
0.9537532
0.97595257
0.98718923
0.93198407
0.6052734
0.92154557
0.8297997
0.9430446
0.9274747
0.90449125
0.9600945
0.98699933
0.9848681
0.9014997
0.9630678
0.9829826
0.623504
0.9435627
0.6672653
0.95068765
0.96135116
0.59698033
0.858443
0.8408408
0.58957
0.9364322
0.9764673
0.8515534
0.99120176
0.37034145
0.98277617
0.95902884
0.95766354
0.85912675
0.9582583
0.99184763
0.8673914
0.9056541
0.9888494
0.92692673
0.9232111
0.96432245
0.39307436
0.981423
0.9306768
0.9566686
0.9888705
0.80263686
0.9740979
0.8730943
0.99026406
0.90385026
0.852465
0.010699288
0.85244614
0.88209873
0.9893323
0.8989649
0.15089118
0.75913244
0.8731884
0.94936603
0.9921336
0.92343855
0.97136813
0.9869681
0.9901902
0.96665746
0.88784003
0.9694848
0.556746
0.5319434
0.4078271
0.8392377
0.9535983
0.8341156
0.6946144
0.086746804
0.76859087
0.9639768
0.9882166
0.89997774
0.9709627
0.9873828
0.9780699
0.52250594
0.98919827
0.79949516
0.7088081
0.98503
0.9871432
0.8980307
0.8825024
0.8316675
0.9899888
0.9691159
0.9874582
0.81788
0.96967554
0.9390848
0.92412275
0.91355336
0.9854445
0.91800183
0.9435892
0.43745723
0.9460105
0.85641456
0.9894549
0.5061792
0.98428786
0.8257635
0.97406626
0.98274267
0.9656883
0.9880404
0.82370025
0.9618142
0.58752203
0.5951734
0.87792015
0.94260144
0.9620336
0.94959486
0.07463443
0.9456411
0.98778546
0.93843925
0.27254406
0.8025795
0.9238278
0.0067323893
0.8609783
0.97882265
0.42996937
0.7489311
0.8926427
0.95106506
0.9761938
0.939481
0.9894589
0.9888621
0.6389232
0.9779269
0.94485116
0.6596141
0.94232136
0.079093665
0.9863848
0.98312116
0.6761963
0.9416587
0.9336161
0.9221429
0.80892104
0.9940941
0.9049701
0.8305858
0.88293153
0.96283007
0.896528
0.6194687
0.8363673
0.85513985
0.97368854
0.76493615
0.93037415
0.9416838
0.9295938
0.9084418
0.93313426
0.95992965
0.7373689
0.8558317
0.83035004
0.9796637
0.5772668
0.8695082
0.03085637
0.9821988
0.41735032
0.6402061
0.9331934
0.8975827
0.7628174
0.9928005
0.79027116
0.9541194
0.46796882
0.8418329
0.9847276
0.2200129
0.8018319
0.506837
0.983576
0.7519349
0.9164558
0.9889697
0.7450276
0.9665327
0.91473293
0.9869239
0.9814549
0.9480519
0.49522522
0.8450142
0.9048772
0.5942073
0.9879923
0.9784023
0.7992376
0.7233983
0.99056494
0.97597104
0.87199277
0.95811576
0.96419674
0.91256505
0.76147455
0.8139272
0.9850353
0.9902801
0.9369225
0.9106586
0.98177576
0.9936558
0.8596844
0.96649885
0.9791021
0.93246937
0.95931214
0.67909324
0.674601
0.9821306
0.9459049
0.8668987
0.85890764
0.9857538
0.9612747
0.87378013
0.29618147
0.9837775
0.99028695
0.9719644
0.8274245
0.8605525
0.7827732
0.90440893
0.8550186
0.89833635
0.90443206
0.9844862
0.5612618
0.9278784
0.9583954
0.81886363
0.9646613
0.5735507
0.9659503
0.90822464
0.97296655
0.74708813
0.97191894
0.72706354
0.9354176
0.9104105
0.9881003
0.9320214
0.7249138
0.8567401
0.7374764
0.98412216
0.9555801
0.87110186
0.9822014
0.95200163
0.96376824
0.5543045
0.5702124
0.98866814
0.7656755
0.83759505
0.946028
0.005264192
0.9000157
0.80700594
0.9850359
0.90613085
0.28542778
0.9616584
0.9510793
0.79709345
0.33602175
0.892284
0.8281699
0.9638635
0.8634298
0.94745773
0.9137427
0.98883295
0.96904737
0.52527463
0.8502232
0.96049964
0.9406743
0.8880765
0.979687
0.95592815
0.977634
0.7013942
0.82818127
0.68591446
0.9515947
0.7491974
0.96913815
0.98886067
0.8792891
0.90538484
0.40778768
0.98342043
0.98661125
0.6413265
0.9894616
0.77048516
0.98853034
0.8994583
0.74679404
0.8023634
0.76211315
0.90761715
0.97213227
0.8533007
0.87753373
0.8683802
0.7837979
0.9148071
0.8538173
0.984177
0.93702286
0.95313674
0.85628194
0.9608701
0.9068948
0.9930293
0.9478304
0.8970245
0.97939336
0.79973716
0.940349
0.9934018
0.98875207
0.8345825
0.931622
0.938941
0.97420925
0.9878734
0.876585
0.9237341
0.23376587
0.94675016
0.78974015
0.97274774
0.44645712
0.9566014
0.848997
0.82022095
0.9758641
0.64626247
0.72711563
0.9451437
0.98099065
0.9357844
0.8932265
0.65040666
0.73906755
0.4309782
0.97609067
0.82569736
0.5651959
0.9830262
0.91993403
0.9613004
0.84519875
0.9408599
0.88373035
0.62211347
0.9344869
0.854665
0.9774804
0.95474344
0.9222405
0.7091551
0.23905459
0.97608125
0.76199645
0.95310223
0.97630185
0.7601135
0.91990244
0.972669
0.9838951
0.93915313
0.88252336
0.687111
0.9860385
0.9597348
0.2846432
0.68964034
0.9380125
0.92359483
0.9817947
0.94618815
0.89459497
0.9492336
0.69798136
0.97757715
0.5066646
0.9691794
0.9186459
0.8283512
0.9223219
0.8874072
0.94612986
0.7250546
0.97404104
0.9074278
0.958877
0.9841425
0.9652784
0.8941844
0.9387835
0.6788217
0.9972107
0.9900378
0.93074447
0.9294799
0.86513025
0.96748435
0.9107442
0.93747103
0.95023465
0.9291499
0.9920477
0.8230945
0.5394812
0.90345037
0.9332814
0.38361725
0.7409089
0.9835459
0.9673354
0.71737033
0.9908057
0.5808122
0.60596853
0.7788616
0.16108648
0.9134263
0.78919
0.9733329
0.9876781
0.83461934
0.9807583
0.82462174
0.99253523
0.97398406
0.9374724
0.9470187
0.98544127
0.7393786
0.864946
0.9221607
0.9634135
0.9412112
0.9661816
0.7276536
0.4799782
0.9190587
0.980448
0.7548621
0.8710389
0.964937
0.9586162
0.9832592
0.976532
0.92146415
0.09526235
0.8893281
0.18005668
0.96477026
0.97940993
0.68431264
0.9601867
0.93912876
0.96984965
0.9049153
0.23752199
0.9304788
0.77477163
0.89881617
0.8669973
0.9192894
0.47497106
0.980415
0.45357114
0.97585154
0.80457425
0.9733242
0.26283625
0.5759186
0.9790485
0.9805635
0.53706974
0.69976807
0.90748954
0.330278
0.9179016
0.9362534
0.9802501
0.9456103
0.7531839
0.7127874
0.796434
0.8004273
0.91176456
0.9086823
0.98400766
0.8650028
0.9821422
0.73504883
0.9757966
0.9897249
0.82302934
0.99016947
0.9722024
0.9902022
0.9849097
0.8703238
0.9680562
0.06938397
0.9310746
0.96449405
0.45542124
0.88606447
0.9804836
0.9317248
0.9371433
0.9695276
0.8748339
0.9696462
0.95911515
0.9761771
0.66414624
0.9870415
0.98347455
0.8245624
0.65953624
0.9781211
0.9527664
0.70251817
0.9694707
0.9839902
0.9770519
0.99088293
0.64569426
0.8558495
0.7890262
0.8670187
0.96621096
0.970193
0.99220467
0.9889122
0.9851092
0.913155
0.9243718
0.91152555
0.7911294
0.9779701
0.6785099
0.9563835
0.9872011
0.42070574
0.9695229
0.974655
0.34339
0.91639614
0.013739685
0.9847474
0.8473387
0.9600567
0.9273274
0.99325186
0.9456545
0.7620479
0.004903679
0.806362
0.9854116
0.96382827
0.37349233
0.5514593
0.93017703
0.97898066
0.98852277
0.9781603
0.9908661
0.8227653
0.9783739
0.8417372
0.8534494
0.95229775
0.9869702
0.7972152
0.9440163
0.9799396
0.8723323
0.8783245
0.2578128
0.9752509
0.9159412
0.9025665
0.6952829
0.9130298
0.9888813
0.66188776
0.8941056
0.9444025
0.98699445
0.98406017
0.9448583
0.95586675
0.8588406
0.970597
0.9136885
0.52307266
0.9120624
0.86465967
0.97573495
0.9596017
0.963608
0.97155577
0.9834954
0.29554728
0.38573328
0.9839984
0.9792396
0.739808
0.79409266
0.99731135
0.9827679
0.92545784
0.967077
0.98667055
0.7379868
0.92973566
0.64500344
0.7878372
0.61819196
0.7286029
0.9462114
0.98098075
0.2521275
0.9228093
0.9813138
0.93208796
0.9726456
0.9219603
0.95527166
0.86894804
0.92355037
0.9239674
0.57285696
0.98425287
0.9297949
0.92057276
0.953282
0.9815424
0.79909396
0.99465054
0.81048286
0.8951483
0.9740751
0.9705759
0.98462856
0.13320479
0.7899242
0.35202348
0.95068264
0.9345325
0.7933767
0.98717475
0.9880881
0.79298955
0.9916259
0.9957545
0.97577876
0.085440785
0.8941258
0.7067855
0.98809063
0.8020594
0.87131584
0.9697509
0.7812693
0.9616809
0.98820007
0.9663695
0.7919392
0.9789003
0.95888567
0.7639107
0.22102806
0.8695976
0.9679206
0.28208563
0.9785417
0.9916722
0.55163443
0.7875243
0.9497068
0.8726766
0.95014006
0.4985828
0.66982955
0.99453944
0.97804207
0.8530279
0.31620535
0.92462635
0.9289367
0.9013188
0.5887544
0.41233185
0.93785495
0.9570086
0.59482217
0.99162674
0.43365896
0.9721032
0.8283726
0.9366058
0.9134939
0.74353456
0.1746135
0.77652186
0.9568643
0.9414133
0.9810626
0.9756982
0.6635524
0.36342695
0.9862272
0.9809694
0.98127717
0.21511519
0.9721247
0.98286325
0.83793575
0.9156021
0.9883625
0.99259806
0.86057466
0.6209771
0.96225333
0.9471947
0.9943141
0.98666084
0.6409765
0.87236303
0.9656722
0.9319763
0.92221653
0.97668034
0.96964866
0.8187968
0.22190319
0.29317525
0.9898358
0.78727806
0.87056756
0.94024706
0.9544916
0.80394906
0.79332095
0.92031837
0.9823214
0.9636089
0.9282705
0.900344
0.8264556
0.7337751
0.9066107
0.31991813
0.9502973
0.78687465
0.8950484
0.9492562
0.8329224
0.9253092
0.8291692
0.9210708
0.88068646
0.97016203
0.9881231
0.93233794
0.6685604
0.9010685
0.8546919
0.98372847
0.94663745
0.9875773
0.5509447
0.98439133
0.9837869
0.97133464
0.976616
0.85046
0.87422305
0.9867643
0.95351726
0.9571337
0.65956783
0.6513144
0.9777909
0.9795869
0.92536503
0.9265033
0.5200525
0.93530077
0.8166955
0.9752108
0.6423945
0.332017
0.2653265
0.95200765
0.9750108
0.94020104
0.7856291
0.9702487
0.96526784
0.9680181
0.98972243
0.67733073
0.9787072
0.9188816
0.989725
0.9853183
0.6554167
0.9884813
0.9330516
0.98517376
0.37596592
0.8530328
0.98159975
0.94200635
0.9231801
0.42791075
0.9554242
0.9830988
0.9393456
0.95144653
0.90569776
0.9462331
0.1381377
0.4338694
0.94339776
0.9882371
0.9941983
0.7129505
0.90008134
0.95479476
0.77271605
0.9874176
0.99417335
0.9887911
0.98032814
0.95659584
0.9577774
0.95090866
0.7762008
0.7126732
0.9945446
0.67718315
0.700137
0.941794
0.91773134
0.92497534
0.9101777
0.935533
0.77417016
0.86129797
0.9303285
0.9164505
0.9250414
0.91143966
0.9399114
0.9331518
0.9385935
0.9625155
0.70710945
0.88356346
0.7679153
0.9435669
0.8997683
0.4433129
0.74722576
0.94374174
0.8475626
0.98864913
0.9569157
0.97127444
0.9873046
0.9609796
0.91146183
0.9193397
0.90153944
0.8908468
0.082255185
0.9843784
0.58861744
0.9078418
0.9261918
0.9184342
0.43303034
0.9766285
0.74842125
0.44085628
0.9877164
0.9775564
0.98050284
0.74216473
0.76704526
0.894532
0.95739007
0.90966403
0.92272294
0.68042177
0.9839918
0.97793967
0.9058551
0.918681
0.46875286
0.3357876
0.56306213
0.86988246
0.98726183
0.9442206
0.98986125
0.9905005
0.9448487
0.9865335
0.9135172
0.7099333
0.96306974
0.98635465
0.97366714
0.9870502
0.45591524
0.7052011
0.9880497
0.759568
0.96262425
0.9718891
0.83441305
0.98702896
0.35224426
0.9626426
0.9078753
0.92062026
0.98885506
0.9839535
0.9197671
0.9775668
0.98298645
0.9832181
0.958905
0.9755704
0.9531467
0.84414786
0.76111203
0.90379184
0.95267993
0.48468998
0.95010614
0.90721273
0.6247066
0.8307709
0.6555331
0.9821393
0.7797593
0.8989752
0.8897934
0.79407555
0.97971046
0.9729497
0.9776379
0.9801073
0.9859481
0.97179395
0.9936061
0.9128592
0.9833106
0.9421276
0.90059644
0.961937
0.98456305
0.18104637
0.9676174
0.9863266
0.85692024
0.99151784
0.9835707
0.9957033
0.9030327
0.9888448
0.968305
0.97685516
0.9743712
0.9780586
0.9909083
0.94027996
0.79984945
0.9863435
0.9866939
0.63846725
0.8374602
0.9387951
0.7285927
0.33427367
0.99459016
0.486712
0.66494787
0.838456
0.5833267
0.06773199
0.80684066
0.9445985
0.94306815
0.33277938
0.988372
0.6770594
0.97513235
0.5658095
0.8503086
0.9653617
0.9488194
0.7274866
0.93381286
0.87087107
0.92797846
0.98408014
0.9763179
0.9681417
0.9482741
0.97070384
0.9409971
0.5625769
0.9269188
0.8556755
0.23322563
0.63351166
0.9889604
0.92136437
0.8560261
0.9125621
0.9220901
0.9178501
0.46111363
0.6025532
0.9682776
0.9876386
0.98551464
0.8233802
0.953877
0.84706837
0.8008513
0.9648502
0.99609864
0.9930032
0.9178838
0.9570185
0.86482316
0.98654306
0.8684536
0.98305994
0.37283647
0.5337388
0.912549
0.9438645
0.9499135
0.97057164
0.82045186
0.9371883
0.9256261
0.93957275
0.96411705
0.9441754
0.8830128
0.7993576
0.95630217
0.98825115
0.8827701
0.98234636
0.961785
0.93756586
0.98750985
0.9711357
0.8941645
0.9451701
0.8119035
0.81721026
0.9259675
0.9537848
0.9463076
0.9862708
0.40016356
0.97019917
0.6320942
0.938346
0.9887782
0.98963004
0.81102157
0.8054347
0.80435455
0.58325547
0.9868634
0.726718
0.9627619
0.7950285
0.8248153
0.48686284
0.4694289
0.9857626
0.9708965
0.9809445
0.87117594
0.88576144
0.93565047
0.98515594
0.6098182
0.84839815
0.9485367
0.97937006
0.9466868
0.9575049
0.91184974
0.4373572
0.9577672
0.912065
0.4283234
0.877826
0.9025248
0.0025969676
0.9904366
0.9097047
0.9386059
0.93671185
0.94399005
0.5620416
0.9791158
0.9842917
0.98043835
0.9787603
0.94211626
0.9760944
0.9950453
0.98527586
0.99093014
0.9352813
0.6859524
0.9361306
0.9721091
0.968712
0.9864305
0.962481
0.9446995
0.9453491
0.9793522
0.95449716
0.6399427
0.9841679
0.5926661
0.7853856
0.9845748
0.8652129
0.7127047
0.98543787
0.97111803
0.98282546
0.94313407
0.97826046
0.84455
0.7954209
0.667445
0.96809745
0.8897674
0.95131606
0.38122466
0.9819926
0.9902198
0.5607684
0.8497338
0.66686326
0.98465204
0.96862185
0.9139122
0.6958907
0.93329257
0.9613192
0.9363225
0.861297
0.8605921
0.97066724
0.8219783
0.69131553
0.93385434
0.8359775
0.8975081
0.22498804
0.9574892
0.85140955
0.7143766
0.84046143
0.98107004
0.9330643
0.5595178
0.6242122
0.72897404
0.5638894
0.9647768
0.98116887
0.88600385
0.9890969
0.96819156
0.8387434
0.7161082
0.9069995
0.8004935
0.7473355
0.9765479
0.9471751
0.95250785
0.6949519
0.69243383
0.9815714
0.52086765
0.99147296
0.9822864
0.87227285
0.83962405
0.878861
0.96818125
0.9827172
0.96321297
0.95410126
0.9754497
0.9554382
0.9573953
0.8759392
0.98317325
0.40988755
0.90570414
0.9371511
0.9808296
0.7678301
0.6788753
0.82074267
0.987773
0.18273784
0.7363177
0.9068672
0.97627604
0.9249575
0.7698227
0.3149645
0.9622787
0.91455185
0.9913817
0.9767743
0.92500085
0.97570294
0.6340994
0.93841434
0.8395346
0.9735075
0.9407009
0.9937895
0.8507996
0.905008
0.899123
0.39848992
0.9938211
0.86014533
0.9892475
0.8101845
0.42517912
0.9747547
0.9475064
0.98195523
0.9934257
0.9735407
0.013832411
0.16119346
0.9796159
0.97385263
0.9760961
0.9908047
0.93819237
0.9891509
0.70722526
0.74598336
0.49764094
0.023087112
0.90848076
0.807006
0.41580912
0.77459985
0.7166149
0.96073645
0.94979376
0.77328664
0.9283867
0.6630124
0.987789
0.8840716
0.3355599
0.98529446
0.3436887
0.9900186
0.73695433
0.92774624
0.9902008
0.69126636
0.44689038
0.98608047
0.9574854
0.9827556
0.9589008
0.9890099
0.98336595
0.9924225
0.4870735
0.499286
0.65493274
0.94974357
0.9650896
0.9360301
0.98688716
0.5753384
0.96358645
0.9700962
0.9432451
0.98447984
0.9449127
0.9820795
0.87108123
0.4344623
0.7369485
0.90421814
0.908652
0.77350414
0.8491713
0.84822613
0.6853547
0.8008031
0.7338243
0.8408862
0.8060222
0.89466393
0.9524225
0.9285687
0.8472382
0.8039861
0.9491651
0.5476052
0.4446048
0.27301943
0.947916
0.9581743
0.9869827
0.6503551
0.98496926
0.90522045
0.9444473
0.8721925
0.9026454
0.5138548
0.9728377
0.623387
0.78029674
0.9002845
0.92307407
0.98914427
0.91742843
0.86409503
0.90826946
0.81661624
0.9304234
0.9715533
0.9868772
0.7833082
0.95521015
0.94025004
0.9590236
0.8709549
0.7630467
0.5281089
0.71297646
0.9457986
0.9726414
0.96546113
0.95141757
0.96551347
0.85598916
0.96987367
0.6978189
0.7446908
0.91517425
0.76083726
0.954363
0.7711081
0.9695637
0.5090815
0.9265918
0.9203333
0.9861378
0.69397396
0.99147296
0.9706663
0.8956395
0.9637743
0.982786
0.97226036
0.9938075
0.56981033
0.88366574
0.8940644
0.95966035
0.7904004
0.93066114
0.74864596
0.9689015
0.98397344
0.9643599
0.9961796
0.98075384
0.9877505
0.9051168
0.94121975
0.9722315
0.8038873
0.70724636
0.92590517
0.841016
0.98105156
0.9381967
0.94494826
0.97084326
0.9282512
0.94067675
0.7165361
0.9188016
0.5834363
0.957639
0.922889
0.5500845
0.98185045
0.9386855
0.95893776
0.9962153
0.9766793
0.9789074
0.7431179
0.9763749
0.6988318
0.82776266
0.9526264
0.91260415
0.8574477
0.9902284
0.9021584
0.9781477
0.8845415
0.31845802
0.98216367
0.9696782
0.992669
0.9802151
0.8646593
0.9847349
0.93691534
0.9475135
0.9889664
0.6844478
0.9901258
0.77123016
0.90296566
0.94853735
0.18665922
0.98705703
0.48907918
0.34473795
0.4550805
0.96771115
0.7192644
0.349741
0.78645164
0.9738522
0.96249115
0.64821905
0.99276114
0.9939407
0.97928977
0.9742312
0.96635324
0.3842478
0.9905751
0.93501943
0.9815013
0.9275028
0.977851
0.846074
0.93752164
0.7700174
0.987053
0.79550046
0.90621126
0.9781838
0.984169
0.74717605
0.91138506
0.94604814
0.8660756
0.9848284
0.9755416
0.9767386
0.9501975
0.9797183
0.9649909
0.6773291
0.7555849
0.9842673
0.97969234
0.9304228
0.96379316
0.85998726
0.50856173
0.6902536
0.9709627
0.9331466
0.9894321
0.9596982
0.75932205
0.95595616
0.8279137
0.7313175
0.94638544
0.9919362
0.87180203
0.98599875
0.9920243
0.80828637
0.8423313
0.9845574
0.9789161
0.93787414
0.6410778
0.7766398
0.8518745
0.8937582
0.8085403
0.985385
0.9635978
0.8788296
0.8417668
0.6710271
0.015713183
0.9197058
0.9741271
0.9751042
0.9875695
0.9829622
0.81445384
0.95614463
0.93878496
0.9538047
0.959589
0.88489777
0.04156399
0.9639572
0.97755605
0.94002306
0.8808473
0.9196239
0.8917065
0.8756501
0.8211588
0.94165885
0.9833002
0.9928591
0.83817834
0.92269
0.9815708
0.9306832
0.96884626
0.74845976
0.7955147
0.8959649
0.9916074
0.9455834
0.98436534
0.7866079
0.98378146
0.7311207
0.9591828
0.95679194
0.9059088
0.80887485
0.9784591
0.35442382
0.9423418
0.5705741
0.9526475
0.6433705
0.47029528
0.9821207
0.83602273
0.94905436
0.9084907
0.9513428
0.9794765
0.8185157
0.9703277
0.92780685
0.98370844
0.91683424
0.96715796
0.97365844
0.95854634
0.9538588
0.9883222
0.9289115
0.8115079
0.941516
0.72026217
0.8810226
0.9843428
0.85577697
0.75306946
0.6735825
0.74919116
0.5755705
0.74436367
0.7009577
0.9923448
0.9498014
0.34820578
0.91321903
0.98739094
0.9599995
0.9126118
0.90112776
0.55025244
0.710874
0.78007126
0.981814
0.9381163
0.9505719
0.8680511
0.9728705
0.79780465
0.88264394
0.88683665
0.8909909
0.9732227
0.8992536
0.61300457
0.92746437
0.98049796
0.5307757
0.7423547
0.94741046
0.97974247
0.96845645
0.9838668
0.9847104
0.97791255
0.9384659
0.9646408
0.6162252
0.9784842
0.8906023
0.4050902
0.970859
0.84737384
0.9807999
0.95503694
0.97465557
0.97870857
0.9550116
0.9849096
0.38722268
0.92815083
0.95924026
0.090975024
0.9898269
0.9907933
0.8142247
0.85237736
0.87954736
0.9408752
0.9030301
0.89724356
0.8993428
0.9361543
0.9901904
0.784748
0.8176601
0.9489542
0.9762724
0.9915104
0.9786444
0.6608084
0.9386623
0.957941
0.7234969
0.4173907
0.55202115
0.95687205
0.06970825
0.8887369
0.72851914
0.9424134
0.9444926
0.98855305
0.9462393
0.91974944
0.98494536
0.26772118
0.38524282
0.9783296
0.9494505
0.6227667
0.9687367
0.7018161
0.91513103
0.98359114
0.8949317
0.9538723
0.596537
0.9697855
0.84861135
0.98632264
0.76230645
0.95926124
0.98889226
0.98670155
0.93080753
0.9858721
0.88984305
0.7930714
0.94608307
0.8994199
0.9475649
0.98989224
0.97773415
0.7915518
0.2228362
0.93263483
0.89180815
0.7523744
0.77805346
0.86924565
0.8957386
0.94903696
0.99015105
0.49054363
0.98643667
0.83649147
0.3179597
0.9545904
0.9302907
0.66625607
0.635395
0.956821
0.9600176
0.95936775
0.9820888
0.94001234
0.9285662
0.46051872
0.9758857
0.60745245
0.43940616
0.9530312
0.832095
0.96686536
0.91156155
0.91611063
0.9669644
0.7498985
0.965155
0.9077363
0.98248196
0.98405784
0.85421896
0.69704694
0.9552176
0.98023087
0.69718015
0.980145
0.730861
0.981808
0.64489543
0.9851295
0.791659
0.99324954
0.7538699
0.98589015
0.94232
0.27565107
0.8456215
0.87421346
0.9053106
0.596604
0.4286392
0.96557283
0.9692543
0.9938974
0.91127163
0.9730033
0.96052736
0.98705894
0.91807747
0.92754084
0.91710156
0.88797045
0.9757581
0.96673876
0.9836484
0.97767764
0.9335177
0.9871536
0.9751599
0.8690981
0.97317016
0.99456656
0.9815808
0.6291007
0.7239402
0.9636679
0.5055733
0.97307
0.97960883
0.8018877
0.9809194
0.94817924
0.56066424
0.9660463
0.8748118
0.98692894
0.8168744
0.36454982
0.93896097
0.10658536
0.9236703
0.7583531
0.84798265
0.9827001
0.98856294
0.9936604
0.9458798
0.97442967
0.5550496
0.8217077
0.03374696
0.8367163
0.87086743
0.9877366
0.9907698
0.8016991
0.95373136
0.18813631
0.7312619
0.90448636
0.9851509
0.9581633
0.98574823
0.5564508
0.99121326
0.9700491
0.8539826
0.98481303
0.87420535
0.97837114
0.86667377
0.9068453
0.74220157
0.9496254
0.97318125
0.51913303
0.6417155
0.9533536
0.9248835
0.84228694
0.9675359
0.72869885
0.91845435
0.9891473
0.9744522
0.95451355
0.9924251
0.9225363
0.9588058
0.31274596
0.8312727
0.94604325
0.78081125
0.9581731
0.9773467
0.9507042
0.9439518
0.907765
0.9862705
0.9613218
0.97169614
0.7646574
0.9907699
0.81855685
0.4498911
0.9768059
0.79693264
0.94883925
0.79188603
0.9493728
0.95004076
0.84786016
0.9652106
0.9637215
0.48433033
0.83043873
0.7775603
0.92389214
0.93279713
0.7176858
0.6386192
0.98016286
0.97966045
0.74993503
0.63632
0.7511028
0.83219856
0.95895463
0.9479356
0.9891066
0.8965323
0.7766522
0.97267264
0.0027692176
0.9845281
0.9548563
0.8043559
0.9902665
0.9428418
0.9947365
0.9838315
0.8716156
0.83420926
0.9384128
0.9121703
0.874433
0.90656275
0.94505864
0.8022339
0.9904005
0.8528634
0.78440434
0.9948855
0.7856666
0.97057176
0.25493777
0.9568611
0.7162526
0.9788375
0.9507721
0.9482655
0.9442503
0.94599265
0.9415014
0.97438693
0.9753484
0.962672
0.98948276
0.8502046
0.97309214
0.98610085
0.9501291
0.9183972
0.4603465
0.85449594
0.9918943
0.6485957
0.9248564
0.5315503
0.96967995
0.97957385
0.9180596
0.8983937
0.9340983
0.67221135
0.9724478
0.9329748
0.7914599
0.91100305
0.9587743
0.9657287
0.9286794
0.8077364
0.8432867
0.94933814
0.8369357
0.42320275
0.5428909
0.9058411
0.8223034
0.99165934
0.26621807
0.4460444
0.9905978
0.91782814
0.97435105
0.894407
0.48465934
0.75304765
0.9770538
0.9937401
0.9020401
0.8925935
0.90795165
0.9940322
0.68107873
0.98797196
0.9905421
0.98567617
0.97647357
0.9326957
0.9638578
0.83042204
0.5261829
0.98173964
0.9300745
0.9431738
0.9717078
0.8117395
0.8672651
0.9070152
0.9185887
0.6407445
0.99174
0.83223635
0.9471873
0.7783101
0.95545095
0.9287167
0.9679548
0.84126455
0.91298026
0.835267
0.7237993
0.9201651
0.98961663
0.8307701
0.9765419
0.6418159
0.38522553
0.67254037
0.9656231
0.91629434
0.9898779
0.9322965
0.92557126
0.94647664
0.9620845
0.9561654
0.7950331
0.86497384
0.98268974
0.9851798
0.9851828
0.7531343
0.603901
0.8988517
0.8569293
0.008384984
0.5622833
0.96377844
0.9894818
0.6486683
0.9635974
0.9767675
0.9734551
0.9602482
0.9592306
0.99682033
0.9206905
0.86391616
0.26657435
0.9664795
0.98796844
0.9034247
0.7720444
0.4180745
0.59461415
0.12140394
0.9064334
0.24329703
0.96970546
0.32396454
0.9328272
0.91692203
0.99261403
0.48699966
0.9650047
0.9776949
0.95088375
0.9259993
0.6915572
0.9806302
0.9007612
0.70283616
0.9567598
0.9808173
0.983201
0.4683458
0.98900443
0.51214546
0.94710124
0.10000907
0.28325522
0.8957763
0.9766657
0.26586255
0.9486595
0.6514595
0.78639543
0.84581494
0.85427237
0.85506237
0.721103
0.81187975
0.43977067
0.97787505
0.71255004
0.9620088
0.8397815
0.9552531
0.87476903
0.91720015
0.63204426
0.9520382
0.901017
0.9827389
0.9613566
0.940618
0.97383976
0.9312903
0.9014332
0.9840857
0.8955926
0.8276019
0.9324878
0.81104004
0.88197845
0.7687631
0.21686
0.955322
0.78501934
0.9349203
0.88444304
0.8500252
0.9158689
0.16558276
0.9890164
0.9328549
0.59224427
0.9332041
0.9305959
0.8157543
0.98808515
0.9785467
0.89835376
0.35815245
0.963015
0.9335549
0.99307007
0.97056454
0.8698064
0.9882591
0.9719382
0.7395654
0.8059176
0.71847904
0.75168216
0.9873449
0.9611051
0.89225626
0.99178386
0.6601391
0.70176035
0.9757842
0.79789335
0.96368796
0.9888314
0.47596312
0.9828857
0.9914471
0.6290003
0.85297084
0.9883031
0.96674794
0.9175329
0.98925346
0.35587466
0.92026466
0.6994065
0.9808622
0.9583614
0.87207264
0.9448938
0.9799651
0.74403137
0.9529202
0.62356675
0.89581174
0.9427811
0.92592305
0.2695976
0.97846025
0.9442997
0.9952791
0.6238452
0.4669296
0.955991
0.6538017
0.78358823
0.7384486
0.75683844
0.97054243
0.07466004
0.68241566
0.25623983
0.98533046
0.925011
0.5808042
0.9284277
0.70193
0.74606156
0.98715603
0.85609365
0.94159526
0.96677464
0.91525745
0.8440491
0.74415356
0.95506465
0.98874193
0.9488326
0.9803115
0.22229709
0.4175042
0.780847
0.85375386
0.91031545
0.9208883
0.98619694
0.98276466
0.99104685
0.97905374
0.96194184
0.92527664
0.9844781
0.91273445
0.9755338
0.9083982
0.9944886
0.9571361
0.9842093
0.61233073
0.95364827
0.9389853
0.97055864
0.9784929
0.5529596
0.53931946
0.9935644
0.9482432
0.8694102
0.9282665
0.8654717
0.99331623
0.6673084
0.9420971
0.988815
0.97688246
0.984259
0.9834382
0.9710281
0.97619087
0.76062727
0.9306984
0.7470883
0.14865503
0.9567773
0.60227114
0.4263129
0.98264265
0.97241974
0.9377487
0.61862445
0.7888864
0.9896374
0.19228883
0.9674475
0.77288646
0.8442495
0.9684333
0.4257697
0.9108792
0.9387982
0.85584635
0.9532571
0.906746
0.979513
0.9482856
0.95909345
0.99351513
0.52591133
0.92511094
0.8498071
0.9825219
0.9484024
0.9801798
0.82512957
0.96336836
0.85294265
0.94497806
0.89689356
0.93831193
0.63660455
0.8926921
0.36347553
0.97218025
0.97802025
0.80838686
0.9837654
0.34635335
0.97538984
0.679181
0.6420366
0.9242035
0.983712
0.9296318
0.836334
0.9020361
0.9116944
0.8975665
0.97586197
0.90134954
0.9553003
0.7714214
0.9723627
0.9702287
0.12148267
0.9665345
0.92382437
0.9843084
0.9807144
0.9828569
0.94168
0.83304805
0.96561116
0.7356154
0.96109384
0.9523555
0.9355843
0.986697
0.75488853
0.99011165
0.8631026
0.98954433
0.98991853
0.81254965
0.9907879
0.9669378
0.9786032
0.39561862
0.9387112
0.35666415
0.98578566
0.9666655
0.97033477
0.9387819
0.9710508
0.9733227
0.9924886
0.8330824
0.83982086
0.90875536
0.8633778
0.9308539
0.98204654
0.6012103
0.9665501
0.9658821
0.5972109
0.99194497
0.77713746
0.9724397
0.94779956
0.9953436
0.90596986
0.99547404
0.9848183
0.8581982
0.89156467
0.85234725
0.9233919
0.93483675
0.88811946
0.9357841
0.8701565
0.9715199
0.95902073
0.6949236
0.9771642
0.9358489
0.99257636
0.9354144
0.98502237
0.98604244
0.98037237
0.7347265
0.66779053
0.9418673
0.86394566
0.85563534
0.98814815
0.7357084
0.98479295
0.8917696
0.98429257
0.9843381
0.7511806
0.9846629
0.87361413
0.98474866
0.6861083
0.8246775
0.9846613
0.8971378
0.22220655
0.9845179
0.9814705
0.2462106
0.46185625
0.78194314
0.9649366
0.9134607
0.992687
0.98515296
0.989461
0.4712626
0.95939845
0.7618173
0.49281928
0.8744092
0.69877607
0.9770594
0.9190327
0.8367811
0.82561415
0.7404776
0.97507703
0.9710751
0.38153026
0.56758124
0.84326804
0.82797885
0.97982395
0.7061565
0.9861145
0.915962
0.8761982
0.9802712
0.95615554
0.96912843
0.8320761
0.8876031
0.87282866
0.9489409
0.8612879
0.9700318
0.78760946
0.66337407
0.7934343
0.930284
0.9697986
0.48074472
0.83245677
0.9570506
0.99010766
0.969117
0.9963528
0.78142565
0.97523546
0.9702463
0.8889813
0.9637256
0.952707
0.9057524
0.9815832
0.9219277
0.9074284
0.8494654
0.9701352
0.76230526
0.57511014
0.29883337
0.961306
0.97013825
0.8344864
0.84787834
0.5265735
0.9189406
0.97711676
0.8992761
0.9130773
0.53885317
0.99272925
0.2753327
0.9921853
0.21725531
0.99421704
0.5939394
0.97457314
0.97037125
0.97381276
0.59118134
0.78717655
0.82663244
0.92768323
0.9009056
0.8861382
0.9413253
0.44613543
0.9209055
0.71372366
0.31294635
0.10837342
0.99052775
0.9382278
0.9548828
0.9675202
0.25679034
0.9859802
0.9811912
0.32201368
0.9886298
0.9213239
0.6685361
0.9880713
0.9313217
0.8774241
0.9201765
0.6329416
0.90541387
0.32830104
0.4624244
0.38917074
0.9791215
0.9666722
0.7904478
0.98210275
0.9930813
0.97856754
0.8733617
0.98345745
0.9321933
0.8837572
0.9882951
0.88242626
0.79326135
0.94627154
0.9353479
0.9576989
0.9280949
0.98391277
0.66919225
0.74693817
0.9831382
0.96881247
0.9561955
0.9898621
0.98483294
0.9728391
0.9304963
0.95205945
0.11979959
0.9262574
0.94951016
0.988533
0.7266519
0.98331416
0.9606467
0.9522673
0.95259255
0.7444553
0.61700124
0.843728
0.9611819
0.7681885
0.986484
0.98077
0.9690197
0.3036219
0.92622393
0.93358046
0.9322601
0.9951598
0.37457925
0.8000529
0.93577987
0.992454
0.99216884
0.9299714
0.9930432
0.87404066
0.79258496
0.97081447
0.99029934
0.87291294
0.98082846
0.88937515
0.7459052
0.9052969
0.9587239
0.9827712
0.9774383
0.82499367
0.34900144
0.584209
0.9147144
0.9726345
0.5980087
0.9848203
0.99364233
0.8194556
0.60906243
0.24038038
0.94680786
0.9734822
0.8331125
0.8643561
0.95509905
0.97663695
0.9847329
0.85295475
0.51767087
0.8231067
0.85802686
0.9456386
0.93146026
0.93575007
0.95386976
0.9344763
0.97241706
0.6201894
0.9807587
0.869345
0.9472339
0.9871336
0.72696286
0.96903336
0.8953033
0.9619028
0.9319925
0.73463947
0.988367
0.38020816
0.9589467
0.6297712
0.88703793
0.9849567
0.9714148
0.69806933
0.9590326
0.98353887
0.9806543
0.9443351
0.8650718
0.26450646
0.97966355
0.87004334
0.80595326
0.6044303
0.60708225
0.77246356
0.94428813
0.6004379
0.97226816
0.97665286
0.9856037
0.62735647
0.9909615
0.73657745
0.9150177
0.8285706
0.9942648
0.9550165
0.988494
0.94653875
0.819503
0.55430067
0.81659347
0.9903762
0.9237684
0.9708601
0.838937
0.9256116
0.9057718
0.94471735
0.9906748
0.44207153
0.4952099
0.96416914
0.9159386
0.8948882
0.97003436
0.64473
0.91953665
0.93622273
0.0056254673
0.8537467
0.69672
0.98563045
0.9083577
0.97573346
0.9214531
0.88371825
0.97509366
0.64735746
0.9637223
0.76652783
0.6684836
0.939595
0.8041799
0.98388404
0.942311
0.87295294
0.9380938
0.5912431
0.7347504
0.36763513
0.96488434
0.46550816
0.7793314
0.818387
0.94428
0.9700327
0.9891588
0.9786547
0.97960645
0.9720738
0.97488946
0.97786474
0.98277515
0.8093485
0.97852737
0.9499432
0.984168
0.8667906
0.8451647
0.70446664
0.33394948
0.88512385
0.09761015
0.55205566
0.8753448
0.6400518
0.98293835
0.9920215
0.9281778
0.8994009
0.95117325
0.9508388
0.9924501
0.9301364
0.9132911
0.8698909
0.6236581
0.8777011
0.9560804
0.65308684
0.9467599
0.922499
0.938327
0.6547066
0.18471636
0.98865694
0.97516704
0.45339072
0.98012507
0.47624326
0.93853027
0.9183664
0.9820864
0.99245423
0.7491293
0.72259706
0.79969645
0.23260418
0.9256401
0.52934927
0.90823525
0.9902374
0.9803407
0.9848015
0.9714156
0.923564
0.77625895
0.9561256
0.8844329
0.9340155
0.7649792
0.6897734
0.95412743
0.7493152
0.99057174
0.9149431
0.755441
0.2309567
0.8931318
0.7386616
0.8781219
0.92624825
0.707806
0.9547153
0.98093146
0.92254007
0.9210648
0.71541625
0.99580127
0.7809937
0.4351645
0.97958654
0.9842681
0.904683
0.9837393
0.7150756
0.9934695
0.22435792
0.9684106
0.7773642
0.7509393
0.96892905
0.8929142
0.64322317
0.9160959
0.9768802
0.78251934
0.3355381
0.5011296
0.9686864
0.9328555
0.6843753
0.96614677
0.978837
0.9912339
0.9783512
0.97273445
0.48127964
0.5693227
0.9709354
0.98955566
0.94914985
0.97822547
0.91973937
0.9022525
0.9744955
0.7734248
0.94984466
0.7742598
0.8842645
0.9714968
0.95187634
0.9571939
0.06570839
0.21885456
0.9288535
0.9450879
0.69158864
0.97709227
0.87315285
0.98596257
0.9858974
0.9713495
0.8607177
0.60270625
0.8303318
0.9791322
0.71085936
0.94519323
0.83695847
0.5484382
0.9181684
0.86234236
0.9764705
0.99307185
0.9836695
0.98104376
0.94784665
0.990584
0.84822613
0.10813891
0.98225003
0.90215015
0.45273688
0.8636174
0.21474557
0.9589484
0.6127599
0.93842894
0.98336846
0.3173516
0.76325333
0.9091476
0.80019695
0.88121843
0.9034876
0.98714286
0.9173939
0.9751617
0.9898205
0.9443318
0.9879104
0.9755003
0.8500278
0.9546412
0.12247594
0.9093831
0.9425378
0.8586069
0.6964352
0.9481873
0.81501746
0.98777884
0.84468925
0.8375411
0.91374457
0.88654935
0.9869653
0.88306224
0.9537155
0.28701052
0.48869437
0.85514987
0.9880702
0.98667055
0.99098796
0.94000727
0.22152917
0.9090306
0.9205727
0.9914908
0.9695821
0.76167303
0.7367458
0.85502267
0.6706236
0.91550875
0.889446
0.94613236
0.8388085
0.9388578
0.7811985
0.4487311
0.9849476
0.98815674
0.97868514
0.97851986
0.9296278
0.64945716
0.8381127
0.88670576
0.2818771
0.7076177
0.98959994
0.93513
0.61679316
0.7312957
0.9531736
0.94643635
0.8589581
0.26509857
0.98343
0.60344124
0.94803303
0.96809757
0.9748917
0.95728195
0.85121584
0.96258813
0.7161045
0.933101
0.15361337
0.8787489
0.6974183
0.8568373
0.34017685
0.97422534
0.9660688
0.9909305
0.93205255
0.5607305
0.7796162
0.90709054
0.8742751
0.8749423
0.9380563
0.86625314
0.8953309
0.6351953
0.9752356
0.9104529
0.9862037
0.9895648
0.98084635
0.92034614
0.55062735
0.8224898
0.83615315
0.8997566
0.8800198
0.9307742
0.93070716
0.976645
0.89799917
0.7771902
0.95284593
0.6148923
0.9341374
0.79502624
0.95096827
0.94698316
0.056873363
0.54510295
0.9731232
0.8918991
0.9083664
0.6754536
0.98626465
0.8040492
0.99318767
0.9044927
0.92071474
0.97912186
0.36436266
0.4930903
0.99150324
0.9001834
0.60891664
0.8945319
0.86693925
0.9747911
0.95781314
0.95862705
0.8787621
0.8932463
0.9309598
0.7757094
0.97385967
0.9797834
0.9469561
0.9647796
0.7942876
0.983932
0.9764555
0.8354868
0.8283005
0.8644589
0.93937325
0.9744587
0.82963115
0.9473727
0.8500021
0.71025133
0.8772845
0.8774972
0.658667
0.97900015
0.8610938
0.99327976
0.99161583
0.6402423
0.914047
0.85770166
0.9032862
0.66671413
0.9545767
0.6098126
0.9900371
0.19032179
0.93392336
0.4832291
0.7995242
0.9892713
0.9904903
0.95578897
0.9571405
0.80319047
0.97922015
0.8493172
0.69215214
0.9848717
0.986555
0.8197364
0.44425642
0.8827133
0.17814764
0.6777573
0.92104065
0.917074
0.97394466
0.98724604
0.98962784
0.30311713
0.98015654
0.86728734
0.9312996
0.90618306
0.9755486
0.98750114
0.7341769
0.9086215
0.6448792
0.98815644
0.52564555
0.9201437
0.98765683
0.97422713
0.89004517
0.56157976
0.98641765
0.9541468
0.94054395
0.8170785
0.9372533
0.5751306
0.8602763
0.8820409
0.9695888
0.96143305
0.92012525
0.7382031
0.9107685
0.97414577
0.89415604
0.8791103
0.9887332
0.96633744
0.630762
0.845883
0.4651678
0.98590577
0.64297074
0.92261016
0.98137754
0.94987226
0.9252494
0.31126997
0.9131546
0.78692514
0.89530975
0.95504695
0.7266895
0.85958296
0.9794741
0.97017044
0.92170495
0.9304706
0.43141228
0.94083107
0.95647824
0.8879307
0.97490275
0.65758574
0.92531073
0.86799926
0.793547
0.9681141
0.90410507
0.9514352
0.8815174
0.9873656
0.83486545
0.42950144
0.8676697
0.9747192
0.9607608
0.9817068
0.91461724
0.61551386
0.6526534
0.849665
0.9429246
0.9623379
0.96649766
0.8801402
0.86239487
0.97561467
0.95618075
0.9606281
0.9636094
0.9653026
0.98818064
0.9082074
0.9563078
0.94067526
0.44153902
0.87956876
0.97656757
0.94555444
0.9775199
0.9904503
0.89295065
0.9812371
0.84400433
0.98384607
0.98223466
0.8415131
0.95768183
0.9043798
0.99385107
0.74824077
0.89231473
0.9823628
0.9749357
0.958693
0.88166195
0.9619691
0.8190766
0.87217087
0.9952744
0.9620528
0.98659885
0.9695686
0.95565844
0.9744169
0.9855679
0.9500989
0.8087633
0.9828736
0.9236791
0.985712
0.8358138
0.39471382
0.9293677
0.9894215
0.033961203
0.9781147
0.9744892
0.98803097
0.99059755
0.824371
0.2624223
0.9598224
0.91612786
0.97470075
0.6966139
0.8140957
0.0044256668
0.8717077
0.78450423
0.9881996
0.9900085
0.9194378
0.39914125
0.16709967
0.97053057
0.9787971
0.8058992
0.9875892
0.95659685
0.98721653
0.86774457
0.48117784
0.95863944
0.82226074
0.95009667
0.92801017
0.9815245
0.68864703
0.9443719
0.9536698
0.8085388
0.7783006
0.946953
0.7593342
0.9384197
0.9549282
0.9457816
0.40357375
0.9853805
0.0015533047
0.9963414
0.7011305
0.9808741
0.95392334
0.91152966
0.97406286
0.91733056
0.98138934
0.9595462
0.9692951
0.3802306
0.9930484
0.73695475
0.4384343
0.96765614
0.9373647
0.9895196
0.7489857
0.90603036
0.985372
0.9733175
0.99375385
0.48089635
0.9749772
0.57925034
0.7319292
0.63900733
0.95820296
0.9434258
0.9307365
0.99400073
0.98749894
0.64149517
0.98906076
0.93057793
0.6638916
0.98275614
0.86971456
0.82231534
0.8541339
0.95648295
0.97109836
0.29772282
0.940273
0.9659641
0.9710253
0.94330484
0.97514355
0.88294035
0.98074335
0.9258137
0.45417526
0.8415081
0.25629056
0.99048024
0.21865538
0.9871891
0.8120078
0.9153548
0.9455814
0.8635724
0.8679115
0.45258874
0.9724072
0.844492
0.82987654
0.6974957
0.9532469
0.95665234
0.8397272
0.2226223
0.9249905
0.8479316
0.9923712
0.85584235
0.98416775
0.5733247
0.8882831
0.9877045
0.57073975
0.9723227
0.5544496
0.6883137
0.9872191
0.8949479
0.9866006
0.9692264
0.6276987
0.97503066
0.94121575
0.61085683
0.96851826
0.97507226
0.9280958
0.98847765
0.96032083
0.9014725
0.98946875
0.96074253
0.9914751
0.97476745
0.94922984
0.8398868
0.8968502
0.848337
0.95783895
0.9257353
0.9838319
0.63942367
0.8275484
0.88347524
0.8892012
0.896642
0.9867574
0.85478014
0.94374204
0.9847281
0.98112583
0.9006255
0.7305674
0.97809166
0.9789644
0.9655492
0.7808865
0.081095815
0.39823622
0.92494303
0.95753336
0.7650101
0.47687885
0.91949135
0.9567404
0.9351833
0.9127774
0.9512854
0.539329
0.47415516
0.5705701
0.95847505
0.8851741
0.9920523
0.9536506
0.42735034
0.9706642
0.7791896
0.892961
0.9814527
0.9811952
0.9091615
0.9891139
0.86145204
0.62460214
0.08893992
0.9776382
0.56033385
0.99141383
0.98634106
0.9762155
0.71851486
0.9736221
0.9366866
0.94491386
0.66576403
0.86507016
0.98647946
0.8065323
0.8678299
0.80764943
0.87216383
0.3330899
0.8538143
0.7686585
0.575256
0.9717808
0.92895883
0.7158073
0.9838576
0.87245286
0.9507736
0.9315831
0.6089451
0.85792774
0.7830085
0.8484631
0.97531384
0.8900219
0.96460384
0.9699785
0.9896835
0.97551733
0.9555191
0.99410653
0.96180725
0.9403217
0.97545785
0.91411614
0.2269371
0.7695426
0.87635165
0.96762824
0.93842864
0.9100756
0.7546747
0.93191594
0.9173825
0.68922883
0.7687092
0.87097466
0.9001191
0.9212546
0.34072492
0.2826537
0.8182806
0.96114033
0.9578907
0.92067903
0.8199891
0.95942944
0.9875436
0.97267884
0.83498645
0.98440206
0.92147285
0.89330107
0.9203735
0.41248173
0.33953667
0.99392694
0.8260667
0.9210231
0.5253052
0.879764
0.8460449
0.91915977
0.9398336
0.82785016
0.987755
0.94947106
0.9917965
0.98935634
0.9725228
0.9711402
0.9915758
0.15624672
0.8087556
0.98480403
0.9328517
0.9869112
0.78425586
0.9697333
0.8891751
0.9814796
0.9893596
0.9704362
0.84540164
0.9642732
0.686962
0.8973653
0.91177183
0.8464984
0.98731494
0.86001116
0.9796332
0.9582785
0.97485274
0.009776912
0.9880702
0.37307608
0.40103632
0.9377084
0.8501313
0.7815384
0.07954896
0.95717585
0.8568799
0.5977254
0.79977804
0.983751
0.9348954
0.8753561
0.9835894
0.9766629
0.9212235
0.8623021
0.96344006
0.9022097
0.8072026
0.9887655
0.865893
0.78518903
0.3165375
0.50449795
0.95002264
0.3965525
0.91428465
0.98253906
0.47187412
0.98881
0.6090868
0.9226006
0.9713254
0.43243983
0.94928205
0.8691223
0.9303676
0.8724461
0.6311334
0.7796255
0.6385098
0.9645273
0.95025986
0.65096104
0.96191335
0.9949239
0.9594013
0.97826993
0.9766036
0.9544697
0.85895175
0.9842354
0.93123853
0.96281207
0.884709
0.9559115
0.68946755
0.96016616
0.48890662
0.97978926
0.37331685
0.9412575
0.92691153
0.8992563
0.94000137
0.97835565
0.88942957
0.49466756
0.98847896
0.80202395
0.97097665
0.68189675
0.97751814
0.9621487
0.9581337
0.5396389
0.745237
0.7565163
0.9512783
0.9687498
0.9767497
0.9593727
0.9345901
0.9372633
0.9703827
0.8517088
0.92968845
0.77590644
0.96475285
0.8531349
0.77962255
0.4412212
0.834243
0.92984223
0.5245837
0.8886861
0.91853476
0.9666194
0.44276014
0.9933727
0.9410975
0.86662084
0.9641502
0.9542788
0.9521589
0.6228648
0.76218873
0.9645278
0.7656785
0.44935113
0.65226895
0.9711573
0.947711
0.99250776
0.7467161
0.866004
0.98565733
0.9185821
0.887277
0.95764637
0.7359259
0.8037632
0.8618087
0.92845565
0.8171131
0.8179212
0.6832895
0.9586134
0.96862006
0.5384099
0.83748263
0.7634189
0.9301633
0.8243093
0.905867
0.7326906
0.8856431
0.9803444
0.94034666
0.5163934
0.7655159
0.9994199
0.98957145
0.8373943
0.8588561
0.9647638
0.9636155
0.98401374
0.9476002
0.9410073
0.9696437
0.99124837
0.98434377
0.84374034
0.92153966
0.8918016
0.9076757
0.31936842
0.6787624
0.99379385
0.9782678
0.9832166
0.20848916
0.8329936
0.085574746
0.9928266
0.7634688
0.63116336
0.91624665
0.6375584
0.31630117
0.9864759
0.8461627
0.9482158
0.98386014
0.8691725
0.98508507
0.965689
0.92723244
0.83484495
0.3818862
0.2824553
0.86343825
0.9412582
0.6437525
0.9283986
0.9856252
0.38093418
0.98181444
0.75884736
0.97407633
0.9822781
0.9606278
0.98823
0.6417486
0.8957655
0.792842
0.7381175
0.941881
0.6515361
0.9324451
0.9680882
0.9666767
0.99120456
0.8649568
0.9940447
0.8940092
0.94376916
0.9439827
0.9852615
0.7140421
0.91229576
0.9884802
0.95577645
0.9790916
0.9647749
0.9387311
0.79322106
0.34638605
0.9681284
0.44926634
0.7990525
0.66382205
0.95025414
0.9815498
0.64569974
0.77531314
0.94515216
0.9718168
0.98260295
0.8027377
0.020758264
0.88317573
0.92534596
0.9632586
0.44390693
0.7576673
0.3901308
0.9353978
0.78903073
0.95718265
0.95185405
0.99027
0.9487447
0.9379232
0.95987666
0.9001791
0.6241236
0.9264509
0.8392981
0.874283
0.66168183
0.9684277
0.99615496
0.7676748
0.8687829
0.990274
0.96294147
0.55301005
0.99016666
0.967704
0.9516815
0.9289197
0.9682233
0.9508053
0.88869506
0.7027274
0.55062973
0.86596376
0.9869996
0.84457195
0.71334094
0.78802735
0.9822726
0.69950247
0.7553393
0.985873
0.66513574
0.940206
0.7570995
0.8427075
0.9782105
0.146091
0.827289
0.7981546
0.07299319
0.8747058
0.9781684
0.89818734
0.7132127
0.21347745
0.13891077
0.9839643
0.86055034
0.9747796
0.94413126
0.86594266
0.95407987
0.7251623
0.5628982
0.937798
0.96176857
0.98787105
0.9654331
0.9530329
0.9847296
0.8880525
0.9707926
0.9352034
0.37592897
0.915818
0.49054202
0.9590201
0.9349598
0.6828858
0.97034925
0.98434156
0.91551566
0.80216724
0.89725286
0.15408207
0.9581045
0.9031239
0.81817514
0.9516003
0.7596865
0.76907057
0.62331617
0.9884165
0.99307936
0.6725748
0.8519581
0.30653775
0.93423957
0.8630153
0.9890892
0.90629464
0.9908695
0.3892273
0.9765645
0.6911031
0.9838626
0.7048572
0.7943012
0.90198416
0.97268045
0.9706788
0.38257223
0.9321296
0.98429835
0.55063695
0.75861114
0.9650615
0.9896861
0.93594426
0.82598346
0.73276794
0.983004
0.6951685
0.50444895
0.73172677
0.9296031
0.732025
0.95918816
0.85797817
0.985149
0.9694993
0.8151948
0.9853367
0.965938
0.94922996
0.9633107
0.8524488
0.576605
0.90446794
0.9837915
0.47204384
0.81257117
0.9111891
0.46480298
0.9697567
0.76159704
0.44543043
0.93785495
0.54163975
0.9724124
0.87013775
0.98738897
0.8613828
0.90598917
0.62052196
0.17531775
0.83935803
0.88779473
0.98405105
0.9519405
0.9651048
0.75839907
0.95604515
0.3763312
0.93622595
0.9043292
0.88434917
0.9918881
0.9687269
0.9164317
0.91886055
0.73685926
0.98815656
0.60302997
0.9965153
0.94911677
0.97823447
0.8862614
0.94752
0.9307455
0.4539921
0.975759
0.98395604
0.98228914
0.983769
0.8540949
0.950149
0.9742654
0.8297649
0.9660357
0.7971744
0.3816915
0.7306944
0.748414
0.99341786
0.4535519
0.77537656
0.9221772
0.99383575
0.97240585
0.98197913
0.8262942
0.31285754
0.91896224
0.7007482
0.97600085
0.9908379
0.9199486
0.9463314
0.4451066
0.9620046
0.97760093
0.9010324
0.98987365
0.9837145
0.8258578
0.9105663
0.97337395
0.5770275
0.957764
0.840259
0.9928934
0.9041662
0.9535967
0.9717746
0.51336336
0.97915286
0.9102636
0.83351773
0.9260556
0.937874
0.8495295
0.98854524
0.60038215
0.75117725
0.96888655
0.9853585
0.8827998
0.4106525
0.8935128
0.92881495
0.65999013
0.8441397
0.97536284
0.98761463
0.7281911
0.9771854
0.95137435
0.9196846
0.6993615
0.9409702
0.9304293
0.7432653
0.98255354
0.9950282
0.9760306
0.98410344
0.5925427
0.94308656
0.9879652
0.9883825
0.088009454
0.9614692
0.31040823
0.7629865
0.9910946
0.75820416
0.85327613
0.93879634
0.94784033
0.94794905
0.9854226
0.99479526
0.9514563
0.8114168
0.98699456
0.9463695
0.9373084
0.49706617
0.96694505
0.8859673
0.90443766
0.85508883
0.9796547
0.9460264
0.7487547
0.40843955
0.9574359
0.9301101
0.93171203
0.8597885
0.9644263
0.8196635
0.96515554
0.96275437
0.12558892
0.98471534
0.8817005
0.82165676
0.99270564
0.97292227
0.81293106
0.9070125
0.83543587
0.9725788
0.9687618
0.28805918
0.58858997
0.98945475
0.9389609
0.9874172
0.89817405
0.9026096
0.99478924
0.98672026
0.9785728
0.9058206
0.9475209
0.97654676
0.71968424
0.92109585
0.80363244
0.0046565174
0.8978081
0.055507652
0.9726394
0.93567115
0.49223512
0.9785084
0.93876743
0.7986467
0.98909783
0.60986257
0.95392287
0.93159926
0.9961487
0.96762633
0.9383138
0.7743313
0.9751951
0.9188592
0.9496358
0.95615023
0.98978883
0.3065808
0.76446867
0.7503421
0.8895359
0.9858052
0.9434176
0.97162837
0.4136104
0.8452778
0.9723713
0.97259086
0.98127824
0.98518133
0.98263377
0.98090875
0.98062676
0.96162665
0.99031293
0.98043424
0.8087977
0.6367634
0.9600915
0.985235
0.87220013
0.6838527
0.9628941
0.53075
0.8200463
0.52853364
0.98002166
0.8392911
0.52514166
0.88171375
0.8751924
0.9871105
0.97194797
0.1890454
0.8120672
0.9567405
0.91961634
0.21176228
0.98261374
0.9787699
0.9711349
0.9663852
0.9509871
0.9443181
0.52319473
0.9383692
0.93390775
0.0017503243
0.7671597
0.9761136
0.7006017
0.97914654
0.98966634
0.8692711
0.9916849
0.9510308
0.023873251
0.6729999
0.9134701
0.94811577
0.9625635
0.9680702
0.8999707
0.9656453
0.5109678
0.99420655
0.8769423
0.7297099
0.95281065
0.9947225
0.6857305
0.9367046
0.97012246
0.96078664
0.76997244
0.51095355
0.8658529
0.63033324
0.91765094
0.93183595
0.9913999
0.8927149
0.83173954
0.6382273
0.33115056
0.93206125
0.9822655
0.66841435
0.9941087
0.93208796
0.75740796
0.7085375
0.82141423
0.96993846
0.82489985
0.80572057
0.9635597
0.39513636
0.9360284
0.989036
0.9466022
0.96767735
0.86446935
0.23170216
0.95818603
0.8722224
0.94972444
0.8900841
0.7173393
0.97583574
0.97396153
0.60243946
0.97019696
0.9740772
0.58147347
0.9431221
0.7937196
0.98654085
0.6029995
0.9725142
0.9091251
0.45205805
0.694485
0.74603504
0.9259887
0.94970363
0.9526997
0.70778763
0.98648876
0.889596
0.9605534
0.9906878
0.67465603
0.77934057
0.91995907
0.40444905
0.74518764
0.9633248
0.8708246
0.9799983
0.9648443
0.9002166
0.9617826
0.85350484
0.6710361
0.9211142
0.9813851
0.3858744
0.6755262
0.9668314
0.8270478
0.9869871
0.809142
0.9747702
0.5185707
0.5728539
0.9344727
0.93024653
0.9690888
0.90968525
0.69586045
0.8871363
0.48243606
0.96886146
0.9175232
0.72124964
0.9935695
0.9482296
0.9711685
0.88402593
0.94408226
0.68716913
0.90419805
0.7264448
0.9314852
0.9634043
0.9366305
0.9674663
0.9823631
0.9880966
0.93322945
0.9520549
0.5282261
0.9820154
0.9164537
0.97524625
0.9731031
0.8815993
0.93538827
0.9122936
0.95818657
0.742089
0.9900031
0.6860424
0.9693071
0.72177655
0.960825
0.7733191
0.90097415
0.8197408
0.62129986
0.21782297
0.95319664
0.9712451
0.9858165
0.6725768
0.7618344
0.9384489
0.288504
0.9094074
0.9431165
0.8538623
0.95847195
0.93110627
0.55905175
0.9774185
0.9740908
0.9744553
0.99165267
0.611821
0.4736553
0.92537445
0.8410715
0.44650802
0.888248
0.94970363
0.9646771
0.9909174
0.9812152
0.97445303
0.82101655
0.112128936
0.98453933
0.9573655
0.8752729
0.98571
0.8220853
0.9575382
0.9019436
0.82125384
0.18607272
0.85242313
0.9015211
0.9842063
0.92104715
0.74992937
0.4529045
0.9964132
0.9555038
0.7541458
0.97631615
0.58884394
0.95836467
0.9902401
0.9879821
0.7906686
0.9450644
0.9932975
0.88592356
0.80981445
0.69149876
0.95683
0.9886008
0.9843381
0.9163002
0.9536563
0.9411847
0.94538677
0.9842196
0.70208514
0.88693976
0.9846876
0.98989034
0.86538386
0.9670506
0.50433564
0.90232694
0.97023916
0.9695106
0.90454847
0.94336635
0.89215666
0.9837219
0.84938496
0.86259955
0.9127786
0.94943976
0.924377
0.92981625
0.9311214
0.95898074
0.9624167
0.96556604
0.96015126
0.98039263
0.9139784
0.6406873
0.95949525
0.88123316
0.7001721
0.98489743
0.9630846
0.15875798
0.94286704
0.97556984
0.7146658
0.8241344
0.9562226
0.71287656
0.97374845
0.8747035
0.9285158
0.9487492
0.96399397
0.5651411
0.946404
0.91561556
0.7365663
0.9589283
0.97287726
0.91738844
0.961791
0.9649944
0.96450204
0.7459309
0.96078146
0.97148097
0.20103906
0.9255085
0.9835159
0.91596
0.9207396
0.9812614
0.13756113
0.9808116
0.3251501
0.92324597
0.98514754
0.9851268
0.9430905
0.8107996
0.5943013
0.89715487
0.39009365
0.8974334
0.97454095
0.8191697
0.714826
0.5312722
0.38999096
0.65135485
0.9448746
0.05937756
0.97446114
0.90298927
0.8400436
0.92221206
0.98932695
0.77555364
0.87486017
0.8598384
0.7269774
0.9740254
0.98797697
0.7943876
0.97081673
0.49068227
0.31278014
0.52082473
0.8498144
0.990626
0.8423854
0.9888727
0.5479169
0.9544625
0.9522406
0.549144
0.95396954
0.9744737
0.73880196
0.97096145
0.93469405
0.97603714
0.98033947
0.9441929
0.9153756
0.96719956
0.9233674
0.9345287
0.7095033
0.85674536
0.14982238
0.65000385
0.826244
0.93215925
0.8821413
0.8808009
0.81570536
0.4190689
0.9683811
0.96933675
0.64060026
0.9476823
0.89181906
0.4505491
0.5941708
0.85103244
0.79603046
0.7621645
0.95725733
0.5340627
0.0034610494
0.98886263
0.8686212
0.7936292
0.6426484
0.989011
0.9674105
0.9397259
0.871377
0.9292023
0.9522425
0.9481911
0.58340347
0.994812
0.97130346
0.9595629
0.96989226
0.929535
0.94307023
0.812828
0.9650808
0.77543324
0.16038351
0.938795
0.8840687
0.99336857
0.9351282
0.89719355
0.9290023
0.9563244
0.98947984
0.82840466
0.22716059
0.055039402
0.9880015
0.8470384
0.6841913
0.14983763
0.6463438
0.0246772
0.9631321
0.92919993
0.6005254
0.92160225
0.94477
0.9833407
0.98329157
0.9939824
0.9802782
0.7143194
0.69152117
0.9674849
0.99039865
0.97445345
0.97679704
0.9734374
0.60317475
0.95392036
0.9756777
0.9812974
0.99243176
0.90643215
0.24017622
0.48878908
0.5683232
0.96550125
0.9746153
0.88517886
0.94704366
0.91761404
0.9875994
0.8184298
0.9552934
0.937873
0.92703295
0.98783326
0.98365086
0.9870192
0.9518551
0.9770477
0.004903581
0.9581747
0.96844
0.6727417
0.98224175
0.8999446
0.9473152
0.80816424
0.7700714
0.8993083
0.9878814
0.967003
0.95788574
0.94146484
0.9817099
0.9607548
0.98116505
0.7158015
0.8137513
0.933321
0.99461234
0.97593385
0.9279499
0.44307977
0.8815384
0.9635987
0.86705095
0.6578093
0.6553995
0.97852147
0.975327
0.9136957
0.91199464
0.43102124
0.9436001
0.9849031
0.47757158
0.72069716
0.93488616
0.9905425
0.9870487
0.85869026
0.8438783
0.36901286
0.9726858
0.23289862
0.69800174
0.9441627
0.75141066
0.9941729
0.9647413
0.9149859
0.9796824
0.9710636
0.9662937
0.9902047
0.9629333
0.6967472
0.79176027
0.96974796
0.84125465
0.8131797
0.6411637
0.9484492
0.89733607
0.8640539
0.96957415
0.980735
0.5990485
0.94475096
0.9333506
0.9834917
0.67439663
0.5090289
0.84952146
0.91916394
0.9773336
0.8579931
0.8360432
0.9300159
0.9092731
0.96967757
0.63005745
0.9243371
0.975149
0.66980535
0.9558493
0.9668137
0.9475979
0.9645827
0.96229726
0.97112006
0.1361115
0.9864755
0.8531122
0.9059863
0.56893957
0.769017
0.97492224
0.99581593
0.13867643
0.05725225
0.9753019
0.87929374
0.6531657
0.9726916
0.9526184
0.99006057
0.99194044
0.9281677
0.9925377
0.9081526
0.5418145
0.96421725
0.85139847
0.8952946
0.954284
0.33781967
0.88675946
0.8128971
0.7268748
0.22440211
0.35253426
0.9832464
0.4258936
0.7240857
0.8203355
0.8683825
0.9022796
0.9461687
0.8164426
0.9821845
0.7928996
0.9606619
0.4911281
0.8790316
0.412713
0.88799924
0.69068295
0.8806918
0.8486327
0.9243521
0.98516
0.8787694
0.6883875
0.27586424
0.91682804
0.9867611
0.35802263
0.53072387
0.45890385
0.960231
0.7149799
0.8299874
0.92665404
0.98490256
0.9867334
0.9103336
0.929429
0.92036957
0.33255562
0.5949065
0.8747197
0.9668987
0.9911963
0.7051755
0.989045
0.96683526
0.9751365
0.81260574
0.96604866
0.43205076
0.13392831
0.95659095
0.6150135
0.45353946
0.9924029
0.7040165
0.5851577
0.9906341
0.96173525
0.83865935
0.9425004
0.9868885
0.9948696
0.98680556
0.9272354
0.9411774
0.7648898
0.8678274
0.79487634
0.9886975
0.9664614
0.96452856
0.92049325
0.9395843
0.84999067
0.8365363
0.687476
0.9781254
0.87717825
0.6678674
0.6616144
0.9711741
0.9427839
0.72797245
0.7220435
0.9646011
0.97742975
0.9937016
0.9612811
0.8962752
0.96248186
0.97369283
0.9441128
0.95871526
0.9824201
0.9850487
0.7905728
0.82963794
0.7609679
0.9046525
0.81946146
0.96555835
0.7348931
0.98957646
0.9355354
0.93624395
0.98743397
0.9887427
0.96765167
0.9855011
0.9076517
0.97501874
0.560651
0.96960014
0.84073573
0.9118483
0.95585865
0.8813935
0.6344524
0.9890554
0.87259245
0.8049699
0.8229153
0.76877934
0.8326054
0.935465
0.88873786
0.8558901
0.8989702
0.97597265
0.22029561
0.66402745
0.98154175
0.987564
0.95185816
0.6675887
0.9773235
0.98576725
0.9927401
0.8464014
0.9373024
0.96668744
0.9784202
0.7032312
0.97581065
0.42440295
0.9946483
0.9190363
0.8260618
0.9796112
0.9816876
0.31905457
0.76943004
0.9491626
0.76513743
0.48307088
0.987587
0.8925034
0.9778667
0.91961384
0.9186452
0.90711766
0.9890683
0.8756459
0.4805137
0.988359
0.96056926
0.9621564
0.97677827
0.9286408
0.93615115
0.5968466
0.99544805
0.98190844
0.3706351
0.9758428
0.5379607
0.96374434
0.85463756
0.935211
0.9174792
0.2006642
0.78317267
0.96068156
0.9182439
0.94832814
0.6726208
0.98698527
0.94142383
0.93182707
0.6976659
0.71615046
0.8993066
0.36681268
0.95608103
0.96674
0.9669221
0.77708477
0.3233755
0.8323116
0.6236325
0.9378604
0.730915
0.87974656
0.967751
0.8136436
0.35970375
0.43347442
0.8629503
0.91161597
0.9443537
0.9780727
0.27470398
0.7114337
0.95368886
0.9823714
0.9303645
0.9593102
0.9545115
0.98425597
0.99069023
0.97346324
0.90782017
0.7908241
0.97884184
0.761531
0.45270532
0.8541826
0.887793
0.9587294
0.9860627
0.98129946
0.93074137
0.9897814
0.983331
0.27882227
0.9140433
0.97997457
0.98031896
0.57853055
0.77813745
0.8358141
0.87150306
0.9483932
0.6427735
0.9545578
0.9239526
0.98998
0.90276027
0.93946576
0.86259156
0.89729315
0.95220953
0.8565257
0.85094655
0.9153948
0.97618526
0.45478576
0.9036015
0.82348204
0.9791255
0.7384849
0.8779628
0.867166
0.7556095
0.8178627
0.9140986
0.8024753
0.60547197
0.6619297
0.93043905
0.8325878
0.39685524
0.97385955
0.97422236
0.75636786
0.92766607
0.93057066
0.4686607
0.9912272
0.93366194
0.97170854
0.5773841
0.97378224
0.8708543
0.96623594
0.93116796
0.8542482
0.23505345
0.94376826
0.8007842
0.5432757
0.98630476
0.83555466
0.98590577
0.87019044
0.83347803
0.95368123
0.99018353
0.8408671
0.93228096
0.9314047
0.59666044
0.9718926
0.9858292
0.9087013
0.96137124
0.98947144
0.9768063
0.9718749
0.9771071
0.9782934
0.9919058
0.9627106
0.9550985
0.97805107
0.6064823
0.9797777
0.9582193
0.9355348
0.3804007
0.8408787
0.94604236
0.9764886
0.57001823
0.9396039
0.96761596
0.55844396
0.979179
0.8304405
0.98939615
0.12366397
0.42656413
0.82127655
0.98710155
0.9673199
0.85884315
0.95424354
0.7478589
0.9454733
0.9250956
0.9694342
0.9511702
0.9826585
0.8929385
0.9590864
0.8018628
0.54475445
0.8629269
0.9068214
0.95467085
0.9789586
0.96757644
0.882645
0.9163281
0.9893742
0.98501194
0.98813164
0.64765716
0.96406156
0.97761714
0.9351293
0.99179405
0.98605645
0.9571628
0.8903977
0.9686658
0.8509329
0.9749005
0.77470076
0.97038484
0.98133117
0.86041063
0.9602309
0.9833508
0.4104502
0.982797
0.9445251
0.98825395
0.98660535
0.98414534
0.95975214
0.71192956
0.9797799
0.9323657
0.66323316
0.97095126
0.9654967
0.98846054
0.981062
0.899049
0.8552273
0.94735193
0.97353023
0.9735487
0.6833807
0.9299238
0.6842875
0.22897246
0.9501136
0.59320086
0.97370297
0.99421966
0.9095554
0.87305224
0.96327543
0.96295565
0.924214
0.8988203
0.8061355
0.44786078
0.9603062
0.98447347
0.7522394
0.7382172
0.5974437
0.91623443
0.98595953
0.759118
0.38741276
0.826929
0.9842472
0.98996276
0.98867995
0.64947677
0.94797534
0.95273376
0.9156631
0.9558057
0.82696664
0.95104635
0.9720696
0.9566564
0.9811638
0.90898585
0.9694402
0.93630075
0.9885096
0.8762237
0.9660891
0.6209241
0.7830325
0.86391485
0.8799189
0.77776194
0.35022697
0.88573027
0.950653
0.98768604
0.5887707
0.9607164
0.94320905
0.60046804
0.97395307
0.13182603
0.9341229
0.4408546
0.9900255
0.97440684
0.31449986
0.08917448
0.96088403
0.9133551
0.9764322
0.73436815
0.90191007
0.9383059
0.36534554
0.98355365
0.9878768
0.94871885
0.5145592
0.9559678
0.97294146
0.73873496
0.9106451
0.7254515
0.9590783
0.2062028
0.70943636
0.91169345
0.8869988
0.96446204
0.9670091
0.58816445
0.7349328
0.6824692
0.114044994
0.96521986
0.95277184
0.7614771
0.66290855
0.96462506
0.83975875
0.98410505
0.54675555
0.75561553
0.986005
0.3794504
0.9604487
0.84262156
0.9726345
0.98420346
0.9183137
0.963632
0.9815075
0.9846587
0.9445715
0.9868075
0.7266752
0.9882633
0.9923018
0.94452703
0.5691597
0.9464844
0.96300757
0.9619037
0.46858004
0.9835633
0.98399115
0.99122006
0.8354637
0.92289
0.98291886
0.98911196
0.9708902
0.90598214
0.9485136
0.91705596
0.80819297
0.8373268
0.7370078
0.5261937
0.9436598
0.9450803
0.9199971
0.92010313
0.8887111
0.9840492
0.9833477
0.9856706
0.97715205
0.47050753
0.9878507
0.94508356
0.76095223
0.825694
0.9836242
0.9722077
0.611303
0.8540575
0.0017867838
0.9734098
0.97099674
0.9660513
0.93894005
0.67940277
0.9003994
0.94621176
0.19361785
0.0023022734
0.9892301
0.9204321
0.88883066
0.9594304
0.90102184
0.882244
0.63993424
0.91965306
0.7943733
0.88431615
0.975867
0.6394722
0.25182748
0.7376247
0.9864818
0.85536134
0.9906536
0.94460267
0.963506
0.9500624
0.9518729
0.8885135
0.5127369
0.5436173
0.94239545
0.59381735
0.599458
0.978125
0.7070778
0.99134856
0.8370773
0.91725373
0.913673
0.99205536
0.97863513
0.73652965
0.93692416
0.9793361
0.9925101
0.9517857
0.95970064
0.97979766
0.9737819
0.9587903
0.9636325
0.83298516
0.717664
0.9579978
0.9037384
0.4667024
0.8906021
0.99126434
0.97300154
0.9562927
0.9313462
0.91006464
0.7381609
0.79617447
0.97754693
0.9310398
0.9657609
0.8867513
0.97059464
0.92930585
0.84697133
0.99386483
0.9910748
0.419156
0.986053
0.9821853
0.5110239
0.9900649
0.985268
0.91129744
0.9720729
0.92251754
0.7844708
0.8136565
0.95984304
0.9438864
0.84858304
0.9820348
0.44166198
0.95650446
0.9604
0.9492997
0.96368587
0.84247833
0.99259865
0.97542375
0.9771516
0.9270015
0.84596753
0.73516786
0.6223876
0.98606616
0.7891209
0.95129925
0.9413669
0.9755529
0.912412
0.9888136
0.97639525
0.91779953
0.992761
0.97463316
0.8987037
0.7696676
0.95372224
0.94876474
0.9502955
0.9625392
0.86069685
0.9350589
0.96981287
0.94166046
0.9833356
0.9467737
0.47553745
0.7848408
0.921001
0.926942
0.95603234
0.11141422
0.88430476
0.7657459
0.9742424
0.444553
0.9414456
0.20432311
0.9768644
0.99400145
0.55579853
0.64686006
0.9650585
0.82968533
0.7631699
0.60282654
0.83171654
0.9902075
0.93981457
0.81382054
0.89709616
0.82683074
0.97715056
0.91153216
0.95226175
0.64151716
0.19311102
0.9927931
0.9127853
0.8505676
0.87016135
0.8673659
0.94409
0.93724436
0.94218516
0.98538685
0.4431857
0.8708224
0.6877178
0.9771772
0.85154384
0.9206143
0.97316754
0.7836043
0.9822229
0.78322256
0.114304714
0.99439925
0.9589638
0.9506064
0.9613448
0.9798789
0.1431831
0.7592955
0.8866905
0.86541003
0.98077184
0.83127964
0.90764546
0.9867359
0.4617208
0.5181893
0.9215988
0.9826199
0.96661925
0.9006178
0.9499308
0.9557957
0.962671
0.85829026
0.98333573
0.9801804
0.88465923
0.88633907
0.54168046
0.95730215
0.6927453
0.95284486
0.30383882
0.82084185
0.6506256
0.45661464
0.74102664
0.971865
0.9159171
0.9608892
0.90193075
0.77583104
0.34252846
0.9417068
0.91450053
0.95928955
0.6559236
0.9873146
0.72274053
0.97571975
0.65370643
0.46293345
0.9885908
0.97853124
0.83307296
0.9891722
0.97853583
0.9898949
0.9608609
0.9393541
0.6631972
0.9613234
0.84447795
0.95338166
0.9847606
0.92243266
0.8849134
0.17856003
0.40968618
0.6858341
0.8645265
0.7502042
0.9580955
0.9461238
0.7370168
0.90203696
0.98518753
0.9560796
0.95929426
0.797716
0.967584
0.9698345
0.95816463
0.94660926
0.91558737
0.9183153
0.98664075
0.9752054
0.91845083
0.9524781
0.47026417
0.76761043
0.9416319
0.6454173
0.52238554
0.9210635
0.8028761
0.9829858
0.70769584
0.87950176
0.6789785
0.9349328
0.92201674
0.38323718
0.7287116
0.92629856
0.96981364
0.62104625
0.9310275
0.41044554
0.9724214
0.97808844
0.9592897
0.9727308
0.9807139
0.95076215
0.97735244
0.24143864
0.9611336
0.99387205
0.88356346
0.9760985
0.8453863
0.9468345
0.9641473
0.9041818
0.97709596
0.9343533
0.9852578
0.9428026
0.7803174
0.7672727
0.9908784
0.71627253
0.97762156
0.90455025
0.98645675
0.78071547
0.62322724
0.9812401
0.78203654
0.964084
0.96933585
0.64868504
0.6212276
0.72090524
0.6078312
0.7768283
0.8196644
0.7739722
0.9139544
0.8853696
0.81456476
0.5484644
0.99078876
0.8967448
0.9884328
0.7998382
0.44846684
0.92206794
0.75057036
0.8296555
0.9926615
0.6433511
0.9692271
0.6615901
0.92602617
0.9046816
0.95508087
0.5716132
0.2739838
0.75188255
0.9732212
0.9502369
0.9821436
0.50407517
0.9661213
0.9752544
0.9857987
0.9330975
0.8799537
0.8726024
0.56840324
0.89198637
0.6820448
0.9651748
0.9507512
0.97480315
0.7899673
0.8584529
0.9581481
0.93613946
0.9081827
0.94208515
0.9152789
0.85316384
0.9710197
0.87051153
0.9881464
0.98893636
0.8422251
0.9774419
0.9653949
0.76796114
0.97385323
0.849754
0.8774647
0.82419086
0.9866371
0.96272963
0.9713523
0.98535097
0.9088113
0.86922246
0.9935515
0.9888599
0.9858387
0.774665
0.9676537
0.9840566
0.97290695
0.9140065
0.9001135
0.9792054
0.94163036
0.1553827
0.9522945
0.9840184
0.9781547
0.9714495
0.644883
0.97754276
0.83586174
0.88065845
0.962093
0.9368559
0.9684724
0.71562445
0.8501859
0.94137335
0.9859514
0.827063
0.94444484
0.82158047
0.6073729
0.9537094
0.9867469
0.91264045
0.92638797
0.9825147
0.9370626
0.9923149
0.9275513
0.82329744
0.7903108
0.48949838
0.550339
0.9610995
0.55722344
0.7494107
0.97648126
0.9819295
0.99541265
0.28042492
0.7598516
0.81535953
0.26792687
0.16840407
0.7111783
0.9115352
0.12977305
0.59594244
0.9857113
0.83655006
0.39139193
0.7301726
0.8987569
0.969357
0.42805773
0.9493775
0.24557982
0.9811286
0.98275673
0.8670952
0.96187806
0.54301846
0.55405456
0.6180288
0.74519455
0.9783
0.90359944
0.55198926
0.15507172
0.8270639
0.74755836
0.052408863
0.9948014
0.8361125
0.9314248
0.96805656
0.7612993
0.9787033
0.8485702
0.91625565
0.95013607
0.4607775
0.9135487
0.8339328
0.9862455
0.9667789
0.8305741
0.9739671
0.986668
0.9857854
0.9906529
0.96826565
0.9490723
0.9459718
0.9863594
0.83185905
0.9084883
0.8666675
0.9613353
0.37486207
0.38641965
0.9562681
0.9715253
0.9726408
0.92361015
0.66900617
0.9202452
0.93570024
0.9367764
0.9828487
0.9923435
0.9874462
0.97997355
0.8085547
0.94325304
0.9820067
0.4610291
0.82868785
0.88737744
0.9806739
0.8665912
0.98449403
0.91818136
0.3448955
0.27402034
0.8504193
0.5133309
0.92263514
0.5859335
0.907995
0.80795914
0.58642894
0.9655635
0.80289483
0.97936076
0.5251726
0.9769772
0.9481277
0.93018764
0.9429869
0.7483838
0.80503315
0.9196178
0.98709095
0.49300498
0.28836772
0.91373557
0.82409734
0.98322874
0.99122345
0.69487333
0.98846275
0.9618579
0.96526164
0.3603507
0.8590245
0.81355643
0.92365795
0.604313
0.3385977
0.8298939
0.0198167
0.8162887
0.97076887
0.7875637
0.990218
0.96008176
0.7275305
0.8878844
0.88246053
0.99265176
0.43666372
0.28930998
0.6547667
0.9362311
0.9233107
0.9805382
0.7134588
0.78637934
0.88864154
0.42863262
0.87651646
0.0064131394
0.9891628
0.99569833
0.9778412
0.97543406
0.6302005
0.8371718
0.49087712
0.30817497
0.7343636
0.9008741
0.90806323
0.8658694
0.980041
0.4573674
0.3096643
0.92800444
0.9641164
0.9588769
0.98113155
0.8023793
0.8856977
0.87341374
0.9222134
0.8837662
0.9791173
0.77944374
0.962461
0.81478107
0.7535826
0.8669925
0.9921367
0.006235873
0.98898417
0.6125564
0.97599137
0.9243645
0.97232527
0.8853801
0.74004185
0.9870613
0.9057628
0.88314116
0.7911395
0.99545777
0.90072155
0.95071566
0.94701385
0.9448928
0.946347
0.99281764
0.86900115
0.9867027
0.9792867
0.47045586
0.92639893
0.8281261
0.7236759
0.98415667
0.9666205
0.64360434
0.8260845
0.79840136
0.8988149
0.9539784
0.8079992
0.8964324
0.626189
0.9851468
0.9831275
0.7357191
0.9343321
0.78872824
0.9905138
0.9712554
0.98613423
0.95227116
0.87243545
0.97733855
0.84222084
0.87823784
0.964741
0.79273474
0.9582625
0.9567593
0.8813395
0.9374695
0.9819009
0.8710071
0.9676756
0.9566162
0.6025041
0.99213916
0.5708528
0.9340105
0.96158415
0.90928376
0.97824425
0.7825911
0.84594387
0.9787281
0.9086336
0.63194984
0.9639367
0.873453
0.92677605
0.25857815
0.9604061
0.9391279
0.92355955
0.9156637
0.7700861
0.7001251
0.8041063
0.94382924
0.8833759
0.9479915
0.93485403
0.84438264
0.9102603
0.98079866
0.49388012
0.96830094
0.5683099
0.94648355
0.81836396
0.5375495
0.7927019
0.98023
0.9688363
0.9791965
0.6289298
0.98453474
0.96859944
0.9911889
0.33941758
0.8995096
0.9823386
0.94267094
0.9207008
0.44776106
0.9436876
0.96947867
0.97175735
0.9310597
0.7479133
0.8017391
0.94691944
0.8358685
0.92074674
0.97245514
0.99464583
0.9544682
0.9103324
0.9869153
0.9241299
0.93568563
0.95511645
0.80406326
0.79322594
0.9107311
0.72147644
0.61066574
0.6380743
0.97792953
0.95509416
0.93589455
0.9451075
0.96955943
0.9892463
0.6838175
0.97018516
0.9304592
0.8913768
0.8433132
0.63909143
0.84613734
0.9476366
0.9886156
0.703729
0.9138036
0.9090054
0.7593321
0.264198
0.8166149
0.7651759
0.9183587
0.89800525
0.9455002
0.9675561
0.9164178
0.9420473
0.9177646
0.6535858
0.9554901
0.97028124
0.70335406
0.2839524
0.9140887
0.982669
0.36673215
0.97540706
0.94752914
0.21479888
0.8826374
0.9355041
0.543273
0.90028864
0.96967065
0.9571993
0.31589544
0.9580154
0.90002084
0.9306634
0.7932441
0.99317616
0.98910403
0.98217785
0.9778812
0.927292
0.953113
0.98952615
0.96074635
0.9600163
0.9110022
0.9319367
0.89842385
0.9833303
0.7741313
0.9519074
0.70714915
0.88132703
0.96660274
0.75296855
0.9658155
0.83842915
0.97890294
0.9940753
0.8455635
0.94678384
0.96190214
0.83581775
0.38106596
0.9720622
0.9620846
0.9892435
0.90853596
0.72655326
0.9698185
0.9895449
0.9829936
0.73781544
0.9769652
0.6401293
0.61663884
0.9143154
0.20818174
0.98800206
0.8006248
0.39762613
0.7779363
0.98952055
0.556683
0.9867274
0.9669452
0.9895364
0.9411443
0.69395715
0.8840173
0.9380909
0.9459264
0.34169587
0.9707493
0.9530381
0.85463417
0.84139544
0.18067154
0.89474905
0.9865893
0.8368383
0.9176738
0.9653404
0.84803045
0.96730095
0.9958689
0.98573065
0.9649666
0.95492876
0.97363645
0.90356606
0.9834695
0.82328016
0.9853029
0.93019074
0.8942267
0.9037055
0.82767445
0.9670222
0.90968734
0.8132901
0.96670234
0.042952925
0.98565024
0.12208078
0.9822318
0.9265283
0.974956
0.31871915
0.52590495
0.54594785
0.22432882
0.9747912
0.5014259
0.87765056
0.7586037
0.48127314
0.9810878
0.9808655
0.87953496
0.81338525
0.82835233
0.8342775
0.7146413
0.97574526
0.76386297
0.67850363
0.9621967
0.96276444
0.985614
0.9843342
0.9738244
0.7455695
0.9319014
0.98118526
0.79831743
0.5846523
0.9867113
0.97256887
0.9704052
0.9584322
0.9842428
0.9555551
0.62813413
0.9841719
0.98216355
0.27388948
0.94000304
0.8067429
0.41612703
0.51726824
0.9917048
0.97912544
0.8045389
0.9833167
0.9412159
0.984743
0.92061126
0.9324368
0.99301636
0.92540485
0.9075023
0.9231666
0.7551154
0.94946533
0.93882585
0.9295057
0.9386284
0.9745174
0.9796132
0.8072095
0.91389453
0.94472826
0.9346
0.8725932
0.9909155
0.8970244
0.94997543
0.9512508
0.9861583
0.3581357
0.78541887
0.96373373
0.97599095
0.91509867
0.82166666
0.61129063
0.879903
0.9082233
0.9839803
0.028870352
0.89292234
0.6486298
0.9946439
0.92281
0.9866915
0.8442759
0.9489806
0.9687029
0.5435335
0.9486392
0.974151
0.94909793
0.9794926
0.9695636
0.98933023
0.9294281
0.98315513
0.69935614
0.5734377
0.9261324
0.827031
0.97358364
0.90813136
0.9774858
0.6865182
0.8628004
0.94985247
0.3436621
0.9775978
0.98710597
0.8115758
0.9715256
0.98591715
0.9002175
0.8871871
0.44968864
0.6762177
0.9645104
0.66376734
0.9880868
0.46748036
0.9756269
0.17980391
0.849919
0.88342595
0.7048367
0.99382895
0.9441507
0.8753093
0.8350928
0.99386877
0.9370032
0.9828168
0.5419369
0.887273
0.97287244
0.98592234
0.964571
0.9767809
0.98450583
0.72572035
0.78771496
0.9743648
0.903549
0.1929126
0.9850722
0.9249053
0.97986287
0.9714119
0.8220378
0.97879446
0.5380081
0.7948722
0.92127544
0.8787227
0.85562664
0.8441658
0.9180366
0.6866222
0.655344
0.6397901
0.9419946
0.6465118
0.38013583
0.949309
0.9458906
0.9745105
0.86396813
0.97482616
0.98593825
0.95649725
0.95510155
0.9256352
0.9661954
0.97142696
0.9629065
0.89561534
0.98541844
0.92830586
0.16567059
0.80871403
0.97149605
0.98825884
0.9681323
0.98786795
0.32779187
0.9883903
0.9779288
0.9529824
0.9917999
0.96342766
0.9650809
0.73894334
0.88653004
0.90185976
0.7259113
0.94757944
0.95328546
0.96777946
0.7925026
0.94693357
0.97795403
0.9756216
0.03560194
0.9688552
0.73630136
0.86798537
0.9839776
0.96186376
0.24713139
0.8865646
0.4228699
0.9449206
0.99709475
0.9886072
0.9361939
0.9311043
0.93218356
0.8374941
0.755179
0.9251838
0.8595854
0.8642452
0.9859875
0.971378
0.9536064
0.80850697
0.7191686
0.9781246
0.68489784
0.9910546
0.9611167
0.64123493
0.97618437
0.77073437
0.98498094
0.9819051
0.78473175
0.9688005
0.88685465
0.96024567
0.20171432
0.8953125
0.96723807
0.9800759
0.98821867
0.41137317
0.7080933
0.5353172
0.8548368
0.9887842
0.61612
0.8514766
0.879624
0.82274777
0.6751522
0.8891297
0.41582677
0.9570136
0.9133633
0.9911726
0.8341614
0.9357967
0.8940324
0.96458155
0.99335986
0.9499818
0.8262951
0.9947766
0.8498158
0.426564
0.433257
0.9006114
0.9829061
0.9379423
0.97945833
0.923686
0.8972585
0.7576118
0.966426
0.9775122
0.98904127
0.8090065
0.5986607
0.920346
0.9886065
0.95508367
0.8567669
0.9148026
0.982945
0.7417037
0.6584095
0.97643846
0.99378407
0.75906247
0.9254616
0.99373674
0.9713292
0.8673762
0.945292
0.9454273
0.9383198
0.45202345
0.97943133
0.968901
0.9463031
0.85979414
0.9060365
0.94319504
0.90391
0.98018014
0.86978656
0.85464185
0.7905957
0.7754042
0.57250553
0.8028909
0.9780407
0.96909225
0.9376059
0.8178463
0.925123
0.9749833
0.9597772
0.6314288
0.905691
0.927139
0.86114126
0.96410376
0.9793108
0.98245215
0.8566418
0.8306265
0.7982849
0.84884715
0.9436164
0.700261
0.9969806
0.20159271
0.8267366
0.9048709
0.9868978
0.6365868
0.9817182
0.4210391
0.9450664
0.9891424
0.94266444
0.7726837
0.9917327
0.9287425
0.17041744
0.9325143
0.77269655
0.99314183
0.98374546
0.5815017
0.67320096
0.9871907
0.83963656
0.98874587
0.6538283
0.914923
0.90729105
0.9821352
0.97479284
0.09315959
0.65972793
0.9129489
0.9914675
0.9794758
0.566334
0.4684198
0.39891347
0.3473421
0.95830894
0.73237073
0.9797163
0.98251075
0.978642
0.7516786
0.85650027
0.9630034
0.97069854
0.982758
0.9442537
0.9335031
0.81482714
0.9192088
0.9870504
0.93007123
0.946981
0.8689059
0.9517447
0.73803127
0.8949318
0.94776344
0.96784794
0.9767111
0.92407113
0.9428044
0.9814091
0.66846347
0.40424874
0.7436643
0.9914294
0.906234
0.7200957
0.86650354
0.931058
0.5790374
0.4027309
0.9321878
0.9783977
0.44027674
0.8889668
0.88045436
0.84674996
0.7895988
0.9669435
0.9783788
0.7634174
0.9777103
0.69211876
0.79004174
0.87253225
0.88492614
0.9675405
0.5367783
0.8955141
0.44802794
0.9881302
0.99357927
0.8947463
0.9731655
0.98858404
0.87785393
0.28830484
0.98787737
0.97983825
0.9910465
0.22290555
0.791003
0.8344598
0.93729997
0.9301639
0.28522596
0.1682143
0.69068724
0.8513561
0.9702325
0.5947632
0.6654438
0.6449598
0.98853207
0.93908936
0.9580212
0.8864709
0.9575344
0.8956673
0.9531882
0.9756394
0.95506054
0.9445502
0.97619087
0.7026005
0.4573252
0.42930204
0.7383763
0.24027881
0.8865352
0.98309684
0.88804126
0.9535685
0.97385234
0.95260215
0.9642816
0.97886217
0.9088131
0.40476823
0.6644273
0.48290735
0.9631609
0.2906732
0.8394968
0.9253216
0.9342556
0.9966511
0.70632434
0.98814744
0.92000455
0.0034548102
0.96738386
0.88036895
0.33231574
0.9649545
0.8933207
0.9966904
0.93451065
0.8517806
0.9849503
0.9895285
0.97851765
0.94835234
0.98354936
0.98836875
0.88092476
0.9345679
0.7258529
0.6828631
0.6986243
0.7591573
0.74843
0.7395728
0.9904964
0.9607259
0.98783046
0.9929132
0.9241367
0.9160272
0.2867533
0.5986674
0.9386708
0.83763206
0.96527916
0.95718753
0.9369339
0.9081506
0.31688625
0.7730188
0.98892665
0.9922087
0.96082264
0.70711565
0.9785427
0.91887707
0.99023646
0.88815105
0.9839109
0.95811826
0.7790986
0.98782325
0.8980752
0.9109877
0.98774093
0.4900493
0.9638368
0.9791555
0.65064126
0.29511684
0.97656584
0.8049825
0.87591654
0.9920508
0.9856208
0.9864525
0.41572216
0.978521
0.9147345
0.82123137
0.9781431
0.62365365
0.9427001
0.9812212
0.62387407
0.93247855
0.88314074
0.9667618
0.93559015
0.9700791
0.9868853
0.9637813
0.82219803
0.88675827
0.7936703
0.95470077
0.95907885
0.9384535
0.8473621
0.8988774
0.9545085
0.9431011
0.81865364
0.9081932
0.98233885
0.9362101
0.8792597
0.9481649
0.8016278
0.8100713
0.8197347
0.9740747
0.87384164
0.9161708
0.96593964
0.0011221012
0.6652254
0.9844631
0.67765945
0.9898559
0.9876183
0.9519103
0.93170583
0.935289
0.9854452
0.91547525
0.93569463
0.9616596
0.9811025
0.09796802
0.8553793
0.93940043
0.75213444
0.2953451
0.88062906
0.98363066
0.21514001
0.92492753
0.80829775
0.7068069
0.9618421
0.9294082
0.9802752
0.98060066
0.8985539
0.9878847
0.6713974
0.9474238
0.9864668
0.8595226
0.97196543
0.85372746
0.9691469
0.8741672
0.988622
0.96355194
0.98454314
0.5771034
0.9869156
0.79728514
0.3784662
0.671204
0.85173285
0.992155
0.26562238
0.8504229
0.8152896
0.968386
0.9847623
0.9856118
0.98148614
0.6549357
0.5844374
0.7780507
0.9693025
0.9471272
0.6211217
0.8970872
0.9565204
0.9933323
0.8735469
0.79030293
0.9283157
0.98012376
0.8991863
0.91329646
0.93396425
0.5927246
0.8143552
0.9065438
0.96605986
0.9800065
0.09148856
0.90705365
0.9546811
0.56125045
0.84688735
0.97409874
0.8677178
0.98906076
0.9775104
0.83260596
0.9832507
0.28172928
0.9407392
0.93718815
0.9903594
0.8952822
0.8039019
0.8459569
0.76219314
0.8024323
0.9550278
0.98954296
0.8260225
0.9943613
0.89079237
0.9578612
0.9682587
0.9818158
0.62848985
0.8720147
0.9314832
0.48671353
0.21745476
0.9362519
0.54020786
0.98768765
0.89464074
0.79381496
0.88412815
0.5818339
0.97876865
0.97622377
0.619164
0.9277831
0.9598702
0.8757779
0.43987268
0.8975225
0.9888067
0.9585445
0.8829191
0.85617936
0.9653437
0.9706215
0.89715755
0.8988789
0.9950375
0.8678633
0.88608336
0.90135723
0.97083515
0.96603596
0.64017045
0.80207336
0.7587162
0.9805879
0.84526783
0.7857462
0.7304367
0.8637299
0.97188073
0.9833693
0.9264606
0.9181759
0.9632784
0.98958534
0.8508849
0.6594682
0.9687237
0.9245452
0.7941736
0.9763064
0.961773
0.94010264
0.9910246
0.98813313
0.6873813
0.98468256
0.87852776
0.9434405
0.91833144
0.9593902
0.98758197
0.640377
0.8756247
0.9863194
0.09111364
0.998454
0.6123779
0.9752848
0.98360044
0.5825857
0.9149955
0.97983265
0.96026707
0.9764688
0.7794855
0.98637563
0.91708475
0.72064644
0.96418154
0.68713707
0.9907583
0.26461872
0.9315541
0.69576365
0.9822887
0.25198826
0.9446338
0.92495036
0.6699305
0.9558627
0.8680284
0.9590979
0.99101806
0.98717135
0.95456356
0.7565377
0.80150324
0.97698826
0.88149744
0.91195697
0.92049265
0.8843334
0.9581861
0.9170338
0.98179734
0.25653347
0.5492733
0.96919894
0.93128014
0.98133194
0.89622146
0.9343117
0.0069105136
0.9172917
0.2749028
0.008192081
0.9476962
0.85629267
0.993816
0.94151247
0.50258034
0.44924596
0.98204595
0.8408361
0.6497568
0.9789205
0.99398154
0.96757776
0.9921144
0.94008744
0.9537221
0.89164287
0.97064596
0.78387225
0.9825001
0.32909137
0.9870968
0.64927185
0.9806222
0.8971899
0.7159366
0.81896996
0.94512147
0.45255753
0.9920723
0.90053946
0.97695357
0.8146777
0.9798085
0.9943914
0.8679393
0.9873469
0.97499686
0.98916596
0.9166456
0.66553366
0.6540584
0.9814618
0.77655613
0.98099077
0.7749007
0.9095865
0.93533427
0.933875
0.1890425
0.6232721
0.9374833
0.90227854
0.979545
0.85893196
0.9327415
0.974963
0.98302734
0.99292725
0.96482563
0.9784944
0.9631269
0.6556175
0.48614347
0.86768425
0.7584872
0.55335474
0.63721013
0.99085665
0.50442207
0.8055875
0.13814633
0.980478
0.9112632
0.9102619
0.53509665
0.98809916
0.9828691
0.9474038
0.049156636
0.9870777
0.9123129
0.9053591
0.9873635
0.7924143
0.98641807
0.9429065
0.8270274
0.96927524
0.99066377
0.95658875
0.789474
0.98234826
0.6817746
0.9512176
0.35111526
0.9015492
0.83527577
0.9355791
0.96086556
0.93788105
0.871393
0.8366525
0.9736278
0.98999983
0.9896679
0.9872869
0.96013606
0.8028409
0.8394092
0.9900676
0.63690317
0.93457544
0.9902118
0.62106645
0.9847645
0.73602396
0.96914107
0.9736136
0.7677183
0.72738475
0.88064283
0.9912076
0.88925827
0.841066
0.8769245
0.91451985
0.93870735
0.9498984
0.8535234
0.9818664
0.36015663
0.99360436
0.99037
0.9707502
0.9769245
0.9536253
0.9763624
0.9822214
0.9518792
0.7372495
0.5188721
0.4024384
0.8144637
0.61814517
0.78053457
0.98214287
0.79479694
0.6975708
0.96233225
0.8727823
0.9369972
0.9381868
0.8478616
0.87906426
0.9062945
0.98724824
0.7894101
0.039023288
0.7577871
0.9825499
0.95675963
0.8018855
0.90235347
0.98018205
0.2141651
0.7110805
0.9245594
0.36648408
0.6341661
0.8785224
0.9823731
0.96268445
0.9907424
0.73198557
0.9625687
0.9813399
0.88622624
0.5238946
0.596138
0.9055468
0.9428041
0.9719197
0.51661104
0.95039284
0.9745918
0.72375536
0.88017404
0.47502592
0.9874297
0.8679769
0.95527655
0.88504416
0.92497635
0.9154449
0.9652622
0.904291
0.9825895
0.91741985
0.96250427
0.84612083
0.046630006
0.9128901
0.865161
0.90451425
0.8728265
0.9887615
0.960375
0.98200756
0.625088
0.696617
0.7470814
0.9065787
0.9362076
0.63990617
0.63285613
0.51331824
0.9547766
0.94430596
0.8876429
0.8156339
0.9517898
0.23651415
0.7978869
0.942344
0.9769926
0.98589444
0.9044211
0.88156986
0.8150162
0.6321019
0.99105716
0.9787685
0.87142146
0.9505648
0.8024873
0.93515146
0.9395413
0.9299269
0.88091296
0.3635087
0.9848487
0.97578615
0.68460506
0.99255
0.97534686
0.9552847
0.98075384
0.9197418
0.9630484
0.96495295
0.9814808
0.56262916
0.8473445
0.0005989519
0.100976534
0.88829243
0.7973126
0.6932219
0.948874
0.80215305
0.58551127
0.96073264
0.94261587
0.8775858
0.7542128
0.9486725
0.9417188
0.94010127
0.5999597
0.9827435
0.9942346
0.96742666
0.64775586
0.8653337
0.9374356
0.66979706
0.9224085
0.98413384
0.96146953
0.95977825
0.9222136
0.8130047
0.6302238
0.9782179
0.9702813
0.921442
0.9872457
0.9950264
0.96350336
0.9714617
0.75878763
0.7009253
0.9659414
0.966069
0.9677036
0.91280603
0.949742
0.9302716
0.9793066
0.7607074
0.9814699
0.9911506
0.6822891
0.27499554
0.96563953
0.9769572
0.9268364
0.9101993
0.9879857
0.79599506
0.60478234
0.91337705
0.9467484
0.686115
0.92264193
0.9674403
0.63663316
0.96899354
0.8613501
0.8925427
0.9825258
0.91336745
0.96709657
0.3397134
0.8727494
0.91866326
0.8910795
0.66658497
0.9491943
0.9686656
0.97151875
0.9779831
0.87045944
0.88474053
0.9554752
0.8425351
0.9773722
0.7750115
0.8529351
0.9571921
0.97846675
0.9138891
0.97849816
0.95408195
0.9786444
0.908478
0.9901039
0.8280584
0.8761229
0.0063884477
0.8979341
0.23754513
0.9688393
0.7606675
0.9544048
0.78256816
0.98800665
0.98257774
0.80888426
0.979227
0.89923525
0.9779037
0.9368142
0.27538523
0.35773438
0.40222636
0.35858375
0.5436565
0.7933813
0.6490409
0.95353913
0.9622667
0.37671158
0.98324823
0.54074436
0.882369
0.89462686
0.90441114
0.98778814
0.98859394
0.56948125
0.98247313
0.72326666
0.9743294
0.9767106
0.38958168
0.67030305
0.98162687
0.91019267
0.86654645
0.8805887
0.95116514
0.6673427
0.99172837
0.93059576
0.9885105
0.8917399
0.98621756
0.83011436
0.8664815
0.68261814
0.724023
0.98764217
0.9920081
0.90188855
0.66764677
0.93861073
0.9895543
0.9576496
0.8886297
0.9756462
0.98769045
0.7634755
0.90119404
0.98690015
0.9869496
0.9862238
0.86700255
0.9745317
0.942128
0.96975815
0.8631064
0.61580515
0.94141424
0.8469958
0.79359186
0.87481123
0.8911197
0.97503644
0.98793936
0.70192045
0.97581905
0.52350813
0.98491067
0.9195809
0.9494676
0.9401888
0.6322596
0.8326719
0.9874605
0.52281106
0.9795822
0.9519241
0.7760298
0.9274666
0.96832645
0.9304075
0.9818335
0.88255244
0.980978
0.9686882
0.86609024
0.9906048
0.8868354
0.96280366
0.94767815
0.75609946
0.98485327
0.77636164
0.9793442
0.88981736
0.95934606
0.99481237
0.9681046
0.96761864
0.78349155
0.84457076
0.986759
0.97917926
0.7968198
0.8811052
0.95945907
0.65792537
0.9794906
0.3313994
0.98612887
0.42272145
0.9811039
0.4466877
0.988308
0.9822099
0.94883925
0.87642235
0.74841845
0.7753842
0.8389025
0.70008475
0.9540419
0.9861297
0.7323263
0.98717
0.10399396
0.97478265
0.5079241
0.8026809
0.75328165
0.86158615
0.9849814
0.9462304
0.33449414
0.5707595
0.5775275
0.9629691
0.7768962
0.9628694
0.6919639
0.7821437
0.97720724
0.73330927
0.9566467
0.9791326
0.8764781
0.66444355
0.9780124
0.78220147
0.9922317
0.97930485
0.88781804
0.8616409
0.5211453
0.9196608
0.85931665
0.96301776
0.8030258
0.93336254
0.8510169
0.98663574
0.52832276
0.9321644
0.77348
0.4564746
0.983353
0.92671883
0.10133743
0.9917778
0.85343397
0.85861045
0.36574942
0.7953868
0.98682797
0.9794281
0.78601587
0.9944772
0.9482835
0.96860236
0.95694
0.79473567
0.7773227
0.81065136
0.95282996
0.68584585
0.9509116
0.77701324
0.8986472
0.66993356
0.93799525
0.4756507
0.9772435
0.83881485
0.9437052
0.88671553
0.9740657
0.9805869
0.9739527
0.88080466
0.70363486
0.48085877
0.8030358
0.8559408
0.9839139
0.88476443
0.8137392
0.70360696
0.9761119
0.80477715
0.9266432
0.94023
0.9812119
0.6517735
0.98856574
0.59485894
0.9402647
0.9395696
0.9879149
0.9963903
0.85090905
0.91929626
0.95192224
0.97581506
0.9838244
0.9274134
0.6467027
0.9964185
0.9956611
0.9527562
0.4854088
0.3779205
0.9966274
0.4382005
0.88510597
0.90675193
0.9497087
0.71358484
0.94610834
0.9857544
0.96891236
0.9876177
0.84671783
0.99259067
0.8633234
0.90958256
0.9939068
0.92010325
0.9089125
0.9410787
0.994726
0.9921456
0.8219085
0.7668849
0.93663085
0.8885491
0.9788406
0.98691607
0.67110705
0.92875314
0.88061935
0.9699612
0.98135126
0.93993205
0.9897939
0.91399103
0.6920501
0.946588
0.47921178
0.9104447
0.26810804
0.9882867
0.95567614
0.9920048
0.9642178
0.9803288
0.97675335
0.32844844
0.9712322
0.8405935
0.7429433
0.9064771
0.9550125
0.9954098
0.910443
0.8727759
0.986715
0.99071383
0.8767488
0.93381584
0.9912055
0.85031056
0.92760944
0.9391586
0.97917366
0.97704583
0.94633126
0.993911
0.97480226
0.07721371
0.6077142
0.97974247
0.801387
0.94788826
0.98159695
0.9562714
0.72273654
0.9913954
0.9845121
0.92172015
0.43887264
0.8388429
0.80735546
0.9744322
0.94806856
0.15069802
0.85839945
0.95444757
0.8873062
0.60780287
0.8486515
0.81580424
0.9573344
0.9197293
0.9816071
0.967276
0.84963983
0.5453322
0.91177946
0.97084236
0.9272034
0.94838774
0.9353446
0.5227935
0.68044835
0.867261
0.5626004
0.83253026
0.9504766
0.98299074
0.9555462
0.8123236
0.82104164
0.93851864
0.73178977
0.97542644
0.54060376
0.977689
0.97258425
0.92845774
0.94500166
0.9852556
0.94647896
0.9873131
0.9927463
0.81425697
0.990849
0.98115516
0.97859097
0.99098164
0.9892287
0.71933246
0.9909474
0.963831
0.98713845
0.8400099
0.8076666
0.6197703
0.7657538
0.74166644
0.9473191
0.8421207
0.86412275
0.98299086
0.9602577
0.98842573
0.96317524
0.9681303
0.95893455
0.640871
0.96735805
0.3832898
0.9906329
0.9845563
0.56985843
0.85127693
0.86303437
0.9854231
0.97644126
0.75185883
0.42589152
0.7865396
0.9374548
0.98915464
0.9815763
0.4789737
0.86306024
0.8845235
0.8435396
0.9810518
0.44425935
0.98812324
0.1497764
0.9345749
0.9789498
0.9732125
0.94896793
0.7552005
0.92987263
0.78141403
0.98951846
0.54246026
0.30165166
0.93821925
0.92305547
0.990103
0.43516976
0.9122167
0.9948797
0.95968163
0.9852422
0.971106
0.9394867
0.6598689
0.046750844
0.71788716
0.708246
0.9721706
0.39072376
0.88403964
0.88606894
0.8539901
0.8560815
0.9331112
0.8364291
0.9625142
0.9019488
0.9821634
0.9712685
0.23431793
0.36612543
0.71533966
0.9688081
0.9517934
0.49567938
0.6725351
0.88925487
0.9159035
0.97445846
0.8562928
0.94611657
0.9853468
0.9905183
0.97563314
0.8445492
0.5639036
0.8285748
0.83126897
0.5576659
0.9752008
0.99044317
0.9125008
0.889317
0.87022847
0.9184498
0.84272224
0.9538673
0.706155
0.9344301
0.52597815
0.8642586
0.8548034
0.9724301
0.68032694
0.9638573
0.97876656
0.87250197
0.92881924
0.9657229
0.9379113
0.9464482
0.5736445
0.34766656
0.89894706
0.93725
0.99507034
0.9323309
0.9820139
0.9734281
0.83078015
0.92228377
0.9684748
0.9750278
0.8976662
0.7461638
0.9914095
0.97609204
0.95058244
0.9315578
0.9524457
0.86178416
0.9878042
0.8385145
0.92496294
0.98416346
0.9926535
0.9468871
0.9912656
0.9794728
0.9635425
0.88758147
0.90703773
0.8672402
0.34868357
0.8388872
0.37113747
0.77515256
0.9890771
0.99092686
0.9781089
0.9751948
0.9580011
0.88502663
0.8203673
0.84865916
0.912296
0.94780266
0.8909824
0.883531
0.8144237
0.9340028
0.8562193
0.937486
0.9613083
0.9808482
0.97746426
0.99660707
0.9728194
0.98642784
0.9870782
0.88552797
0.9784393
0.9853145
0.49592477
0.9113667
0.571212
0.981268
0.9800007
0.4031545
0.7474885
0.95810515
0.96461594
0.48720053
0.983805
0.97606397
0.63371336
0.9590647
0.97037977
0.21360986
0.68009406
0.5574491
0.9156061
0.99222565
0.96167994
0.78704196
0.71767426
0.90834415
0.9781622
0.90448165
0.99158233
0.92922515
0.8846182
0.98776835
0.93257356
0.99402857
0.99437684
0.8669274
0.97385806
0.8788285
0.9608116
0.74753326
0.9892285
0.82308733
0.46588284
0.67538273
0.91068673
0.866776
0.5038198
0.8373136
0.23664348
0.98815596
0.90422857
0.8635821
0.79919213
0.9103618
0.90279776
0.97207314
0.8659815
0.9437236
0.9364802
0.92848927
0.3801169
0.9938955
0.91339684
0.9917418
0.116147384
0.57537913
0.63716257
0.87398094
0.99234736
0.90377927
0.94421464
0.8307434
0.944226
0.8273462
0.97210926
0.9839729
0.10106144
0.98185146
0.8553508
0.8842788
0.44385502
0.6122573
0.9713966
0.9721362
0.79210246
0.95203143
0.61660343
0.989373
0.881409
0.9317966
0.9827557
0.98153555
0.97820264
0.6857436
0.98051053
0.8944247
0.6878978
0.9795045
0.5749633
0.39573526
0.9466563
0.99040157
0.99404246
0.94026816
0.9482934
0.9347959
0.8847896
0.96741104
0.90333253
0.9507081
0.33321851
0.9715888
0.006876492
0.89265484
0.9850454
0.98064697
0.9761596
0.9649182
0.9504232
0.6029102
0.98236406
0.7977554
0.96910053
0.92041975
0.62428355
0.9152189
0.21031381
0.87759477
0.9792203
0.8490132
0.9837906
0.77108276
0.97026753
0.8329743
0.66321486
0.8437878
0.9315649
0.95808214
0.97854304
0.9382926
0.89252096
0.9450678
0.9562325
0.97751427
0.96976995
0.9804966
0.9653383
0.79239196
0.57849926
0.5034012
0.88085806
0.44454083
0.9489308
0.8583239
0.91466606
0.9623526
0.9811963
0.99148786
0.102786876
0.87663215
0.9951749
0.85097694
0.92662704
0.91787386
0.990357
0.98273116
0.8784931
0.9175648
0.8560817
0.9610615
0.95814323
0.9888388
0.56920266
0.56959105
0.80324787
0.9317996
0.72614455
0.77484494
0.8764066
0.9316839
0.96929663
0.98440254
0.8328436
0.9386284
0.50541914
0.9480096
0.9211923
0.9407413
0.8590294
0.21068782
0.72085965
0.94505215
0.9236181
0.5693235
0.94752336
0.973335
0.8818579
0.9601655
0.0054187807
0.8186175
0.9719616
0.9836891
0.96414995
0.77947044
0.9386466
0.70461994
0.8027389
0.76838666
0.94178236
0.8589238
0.99096584
0.77142423
0.6283852
0.97899616
0.94001687
0.9660488
0.9386182
0.8881081
0.4356511
0.9902424
0.9547605
0.8755087
0.98644257
0.85825294
0.95954937
0.89771414
0.9324482
0.9407661
0.60699785
0.7901842
0.9502544
0.9735885
0.7190448
0.96933615
0.9789923
0.6186747
0.96869004
0.9572756
0.987922
0.42807838
0.8993381
0.579115
0.14714873
0.9871264
0.9844529
0.9754764
0.97554797
0.94314057
0.713664
0.97876394
0.764236
0.4331892
0.67248535
0.5927341
0.9798496
0.9886668
0.9363605
0.9689492
0.95266265
0.8180085
0.6586233
0.89375484
0.99282044
0.9848695
0.84611034
0.9817438
0.8478198
0.88148314
0.8450616
0.91938275
0.98513895
0.9887838
0.8015271
0.9602661
0.66110164
0.98679477
0.99405587
0.97452307
0.9107194
0.25114498
0.99105173
0.7778228
0.95722806
0.6455095
0.6963157
0.9731747
0.96681976
0.9533836
0.6658736
0.94285846
0.5157371
0.59621483
0.9621189
0.6322453
0.64554965
0.95810634
0.7504103
0.94530666
0.90133667
0.99587953
0.99165803
0.5636204
0.9843083
0.7416524
0.8292131
0.92236084
0.9368696
0.8374716
0.95904714
0.89753747
0.8553597
0.9849475
0.6723323
0.5991035
0.41878706
0.9206174
0.8643844
0.98213506
0.98559463
0.88066655
0.70527834
0.9390884
0.9534178
0.96492666
0.9526145
0.97548836
0.9336905
0.89302814
0.9773877
0.989393
0.9863809
0.9292002
0.87700593
0.9869034
0.98016775
0.8280284
0.9085508
0.7053066
0.86666846
0.9597966
0.8518711
0.96897495
0.97945124
0.59803915
0.37755707
0.9846889
0.93100846
0.89806837
0.35321936
0.96202314
0.96960986
0.93546987
0.97514784
0.8609763
0.32879537
0.6520974
0.8786088
0.0046711625
0.92512804
0.58751446
0.29346165
0.66404146
0.40334222
0.8698371
0.98210895
0.3837798
0.8848059
0.96899086
0.96037227
0.8938354
0.52956116
0.961617
0.90736467
0.9717158
0.88399297
0.9768698
0.6868219
0.8901273
0.94621193
0.802567
0.5976101
0.8977999
0.95714486
0.9668655
0.9745374
0.8679763
0.9460241
0.84586483
0.9865501
0.98176974
0.8660923
0.9768801
0.86588794
0.9431325
0.46000955
0.994615
0.9211407
0.79014385
0.9612405
0.8502379
0.97563654
0.28481716
0.87093365
0.89211774
0.17542796
0.5764823
0.9568705
0.41291553
0.938593
0.8844708
0.6026692
0.9860087
0.9354293
0.9870026
0.9285087
0.989129
0.8603607
0.985688
0.93682224
0.73196244
0.6688207
0.9791077
0.9233662
0.9704762
0.84250885
0.95989203
0.9722755
0.9084434
0.9418952
0.9782602
0.4990207
0.7455314
0.9663049
0.9846346
0.9880695
0.8665408
0.98698586
0.6538467
0.9041124
0.9019289
0.95566374
0.7834165
0.9114409
0.9858651
0.96590626
0.96469593
0.9022532
0.49280682
0.51029205
0.8572672
0.8878665
0.985808
0.9848829
0.28788748
0.9737388
0.19280738
0.80992746
0.9810879
0.92877555
0.98641694
0.9660103
0.9722902
0.9828843
0.8853554
0.994406
0.35272238
0.8795548
0.94558
0.9401573
0.9885097
0.80193514
0.96797526
0.45314884
0.97434616
0.98111695
0.8933549
0.97477764
0.98447454
0.6570736
0.91554874
0.9826111
0.54733783
0.72095895
0.9751916
0.40149075
0.9376583
0.82313496
0.9439605
0.22908677
0.8845862
0.95461535
0.93517286
0.9713993
0.441093
0.7607768
0.83663386
0.75180763
0.8122879
0.9688139
0.87545556
0.73344857
0.9626238
0.5512633
0.7231242
0.8354152
0.96682984
0.1831542
0.9393655
0.9025624
0.9562155
0.95114404
0.9753236
0.97430044
0.53792274
0.96510816
0.8207008
0.92443126
0.81690323
0.9819748
0.98074543
0.97797877
0.8538051
0.9779589
0.9771021
0.9818708
0.98924726
0.82906204
0.98849505
0.8438062
0.8299377
0.88009334
0.7845134
0.9690223
0.9651833
0.9575374
0.99607074
0.9771971
0.87936145
0.97151965
0.89081925
0.950934
0.95763254
0.9659078
0.97631216
0.7080592
0.9919246
0.9765836
0.5652439
0.97254205
0.94536155
0.9852513
0.95661986
0.957423
0.9911568
0.98081046
0.9297164
0.87403715
0.12429089
0.8397467
0.9919001
0.8168362
0.2440702
0.97757864
0.94606525
0.9298777
0.856916
0.52228636
0.9889206
0.9898425
0.46114528
0.3969994
0.6103994
0.93792385
0.81381524
0.90687555
0.9933293
0.6184073
0.9488532
0.963396
0.1702248
0.9101132
0.97846174
0.78522056
0.72869945
0.84449774
0.99148846
0.9413962
0.69279647
0.9341621
0.5665494
0.9629823
0.80675393
0.96730185
0.975088
0.8906171
0.7619344
0.8950624
0.9303302
0.84877354
0.9464976
0.017754877
0.97544485
0.98820823
0.84089553
0.6714393
0.9583411
0.98091793
0.8176663
0.9820271
0.873588
0.977418
0.92635083
0.91815364
0.9359493
0.70627826
0.880823
0.9393061
0.34859446
0.9808493
0.9827551
0.7026655
0.8243222
0.9583609
0.9398452
0.9587073
0.95234793
0.9103177
0.9296488
0.9744118
0.7812961
0.8742171
0.60890114
0.91510075
0.97349566
0.9722573
0.93759805
0.9279008
0.47692555
0.813435
0.9786733
0.8329788
0.95683074
0.98532516
0.56976235
0.7892648
0.6341807
0.95119387
0.9613924
0.93908924
0.73290735
0.18795985
0.6867946
0.76422465
0.87825006
0.98756754
0.9362246
0.9913053
0.9416208
0.74448264
0.9561234
0.98117685
0.8533728
0.98383486
0.92870593
0.9857449
0.95030475
0.96145034
0.73424375
0.96395963
0.98607844
0.95816344
0.99047333
0.987479
0.9868226
0.8240446
0.85316956
0.9897209
0.9569413
0.87322164
0.9585874
0.15093812
0.885943
0.9748814
0.9435173
0.84433836
0.8866511
0.99157494
0.3242506
0.9010389
0.9840279
0.9057489
0.96417123
0.9209284
0.81425965
0.67044413
0.8914994
0.9718069
0.9830997
0.6238967
0.8206219
0.9025338
0.6933985
0.98487365
0.84663767
0.9887671
0.22668219
0.9417942
0.3393713
0.9472304
0.9569433
0.98888654
0.8975155
0.84506214
0.740166
0.9733427
0.9688496
0.97295624
0.91677135
0.97136676
0.8926585
0.49677098
0.9290016
0.9351274
0.8145429
0.2983085
0.9404189
0.9299049
0.8387641
0.7752785
0.94427824
0.96268445
0.5031779
0.9402002
0.30300128
0.95707846
0.97265357
0.2836203
0.9144244
0.08043439
0.9398496
0.9772388
0.98197687
0.80082726
0.66742676
0.98709714
0.8754455
0.960998
0.77827865
0.82063866
0.99108094
0.90789485
0.92589563
0.17791809
0.98385197
0.9245021
0.98531497
0.9890348
0.9780237
0.9913961
0.7818557
0.9852182
0.931687
0.9487024
0.7419902
0.94593686
0.98259073
0.9447118
0.97300625
0.95593274
0.958986
0.8954897
0.99462986
0.8404233
0.41095302
0.99492586
0.98678535
0.78941685
0.9876716
0.98760855
0.7094098
0.8761298
0.7357448
0.3186085
0.53728956
0.9573023
0.97099453
0.97440016
0.8784101
0.97821677
0.25888255
0.97651166
0.96444327
0.7110845
0.7193736
0.96168554
0.5580666
0.9877921
0.81554383
0.24878767
0.9849363
0.9790573
0.74312836
0.47036552
0.4066494
0.9333317
0.96003664
0.91238815
0.4407537
0.33586553
0.94891447
0.95580083
0.42572236
0.8074498
0.98584425
0.95835817
0.98836786
0.86267394
0.94293797
0.6869796
0.98429847
0.9760374
0.8468274
0.85897976
0.9335142
0.8474227
0.77910286
0.8915375
0.9492166
0.9566451
0.6274333
0.13143781
0.9913385
0.8697728
0.99480313
0.9880633
0.975572
0.6880028
0.7696263
0.94060016
0.99080163
0.83811396
0.9890977
0.9822353
0.92578566
0.8606438
0.91107833
0.29959625
0.91270643
0.9822625
0.8823886
0.98284596
0.91321117
0.5710411
0.96898603
0.77684766
0.9749877
0.9865826
0.8293371
0.8951063
0.66326076
0.90040994
0.9507897
0.9448129
0.5627499
0.98903185
0.81706643
0.9523636
0.91798246
0.9770141
0.74440867
0.98486066
0.865845
0.8292199
0.90132034
0.4861561
0.6653401
0.9880663
0.8870871
0.9805248
0.7191572
0.91343945
0.94058
0.9601634
0.9042433
0.2651123
0.957994
0.9059854
0.9715707
0.7481947
0.87657756
0.8268006
0.48204195
0.70244473
0.9843562
0.92888486
0.70920855
0.8142919
0.8582173
0.8614979
0.5664468
0.96339095
0.95545614
0.967473
0.3056479
0.0018944669
0.9938818
0.8729001
0.9299053
0.6729645
0.88957006
0.8900227
0.9840019
0.9693197
0.66069883
0.8786478
0.26428658
0.94025236
0.9022568
0.9489939
0.98288417
0.9871678
0.928675
0.88287306
0.8440377
0.91109455
0.9847504
0.9940593
0.9693233
0.97287536
0.2514327
0.9577542
0.98254323
0.73491204
0.9372813
0.9524148
0.94484615
0.4230676
0.049039435
0.97001326
0.67589
0.9086186
0.9899546
0.9609217
0.96522576
0.81306815
0.6749027
0.41152307
0.98697263
0.4934844
0.8360702
0.96160156
0.9528796
0.99348795
0.6334696
0.9564666
0.98642087
0.9533765
0.958113
0.98288786
0.6325635
0.97952765
0.97850525
0.89533716
0.87571037
0.9558933
0.9843091
0.7534147
0.98711085
0.36079475
0.9740539
0.9402654
0.9897217
0.9272904
0.39743868
0.9776674
0.94398206
0.98409724
0.1291257
0.9611342
0.8887566
0.98554
0.99268144
0.90461147
0.9556972
0.9525336
0.34963623
0.98203814
0.45701182
0.8432695
0.9168672
0.95561576
0.98613274
0.9808957
0.7396288
0.92209876
0.99480814
0.5984913
0.36809543
0.98309755
0.94523627
0.7877728
0.9842451
0.992153
0.87494856
0.8324218
0.87665737
0.9351297
0.3082942
0.92471576
0.9297532
0.77309376
0.9872104
0.49491802
0.908388
0.97071797
0.9763957
0.85346437
0.9534338
0.17514898
0.92616767
0.7843618
0.30621478
0.94948167
0.99128574
0.9832283
0.8797005
0.9297537
0.987061
0.55699116
0.80433977
0.9823058
0.65966487
0.67847645
0.92675346
0.97200936
0.9754312
0.9755028
0.4902938
0.886602
0.7308548
0.9499123
0.42701825
0.6611792
0.72196937
0.8606913
0.64284617
0.74839896
0.7230485
0.9502691
0.46916804
0.7596622
0.9930058
0.14680722
0.8687798
0.9506289
0.9931971
0.34893185
0.96480453
0.6673673
0.82215834
0.9636726
0.9363701
0.9947423
0.9811389
0.51098406
0.92275256
0.9479495
0.9978314
0.9297868
0.9781055
0.97638696
0.9316627
0.5903103
0.98923165
0.9831266
0.95506835
0.8023881
0.9302033
0.985919
0.93623316
0.65029615
0.91978323
0.9822083
0.8184919
0.97698045
0.9886924
0.9643468
0.46119726
0.9743421
0.9722477
0.65865624
0.55705714
0.5087076
0.79894984
0.98875743
0.9911445
0.9013975
0.94857764
0.9725113
0.9371226
0.9810503
0.54717016
0.9273734
0.95522213
0.9721247
0.69784087
0.87287647
0.66206473
0.52562416
0.9661239
0.94806
0.9484836
0.48375022
0.9677833
0.9787588
0.9255565
0.95667756
0.9604597
0.8717488
0.9758025
0.91304547
0.9881963
0.90608907
0.8567372
0.889421
0.90068305
0.9939938
0.7501612
0.92295796
0.70123106
0.9835777
0.9078444
0.82109857
0.8684183
0.92472225
0.37340415
0.99040973
0.88797927
0.74387324
0.9824936
0.8135007
0.92473114
0.94934696
0.9217881
0.97740686
0.9175883
0.9440675
0.84110606
0.7201053
0.8456942
0.98758245
0.6875506
0.97330904
0.9919654
0.987677
0.7639634
0.6034464
0.7618381
0.98610735
0.97742414
0.74369997
0.54167455
0.63170314
0.7282902
0.9699771
0.8711993
0.8614375
0.8815655
0.84348243
0.98400927
0.98499805
0.87773156
0.63838375
0.98648447
0.98658466
0.9561889
0.63812107
0.96830744
0.7866386
0.94854075
0.82693344
0.98869157
0.9013517
0.8193847
0.44094595
0.9661601
0.91563463
0.96208227
0.93898493
0.99251795
0.9783115
0.97119135
0.9557658
0.9504624
0.9033625
0.9720007
0.86969894
0.30575925
0.98320574
0.96612906
0.9673634
0.9921177
0.9857005
0.9751672
0.9462339
0.80901086
0.9548122
0.9672269
0.9329307
0.94225174
0.37921527
0.84513754
0.9878362
0.60270405
0.7185238
0.8592633
0.9879296
0.9023742
0.8847511
0.92754954
0.39346823
0.96570265
0.72286236
0.9857546
0.93004864
0.011308
0.8630455
0.9384406
0.9512755
0.350808
0.8459927
0.9954797
0.84783804
0.9424869
0.95897985
0.23223658
0.99058414
0.70357627
0.9767373
0.94780844
0.9861428
0.5126749
0.99266374
0.6266635
0.90031004
0.80317354
0.5241613
0.5459944
0.71128035
0.2114545
0.86085963
0.80231565
0.967681
0.951671
0.89672965
0.9549829
0.987074
0.9538093
0.9889231
0.74356776
0.96530783
0.9813281
0.9834841
0.96526575
0.9904255
0.9381261
0.95521027
0.94078875
0.8624854
0.9595302
0.84719986
0.6964683
0.8352831
0.8523926
0.9726505
0.57280606
0.8847548
0.9415219
0.6160153
0.7329443
0.8688495
0.95121425
0.70983964
0.1921062
0.45131066
0.90698487
0.6768551
0.6287342
0.510162
0.8805108
0.6944587
0.7046869
0.78745127
0.3741101
0.96696734
0.8071244
0.25598386
0.9748204
0.92106706
0.8709669
0.93157995
0.89971006
0.963685
0.9166079
0.35938296
0.6558783
0.97092474
0.96528816
0.7479614
0.9631195
0.9521905
0.89370096
0.9891256
0.9316905
0.60924655
0.56278825
0.9924412
0.9071857
0.9834485
0.9478168
0.9140027
0.981478
0.98587346
0.97363865
0.915168
0.92954135
0.04909845
0.9617924
0.83999175
0.92808133
0.6782107
0.9859124
0.8868007
0.97558856
0.965987
0.9929825
0.91548306
0.9324148
0.8928189
0.95304364
0.9850295
0.9746952
0.54026777
0.7063631
0.9707909
0.9755799
0.7747581
0.95612437
0.96317446
0.8580147
0.97095114
0.19037938
0.99274904
0.991091
0.9807633
0.9055382
0.9320402
0.95193356
0.7782018
0.7704202
0.27647588
0.84031254
0.72487
0.98344326
0.98615175
0.9859541
0.7319804
0.9345287
0.93933296
0.97578657
0.8432567
0.978924
0.94975805
0.69368315
0.87795573
0.90130144
0.79158944
0.9279573
0.9842971
0.82181823
0.24039358
0.5104723
0.80126035
0.9874286
0.92530596
0.82750106
0.9627072
0.99004155
0.97916657
0.98961896
0.9498471
0.95660007
0.94950587
0.85575145
0.6106277
0.98845226
0.9511328
0.7686113
0.94042236
0.8089699
0.95929664
0.93827623
0.44130152
0.5858377
0.95672554
0.13359517
0.6197544
0.944748
0.78785264
0.09981608
0.9871867
0.97647107
0.30270898
0.9071109
0.85419565
0.92456174
0.6749528
0.80002457
0.8030725
0.9819323
0.9119504
0.9165145
0.97184485
0.51123345
0.8007487
0.88686824
0.7263393
0.9747692
0.7824481
0.70336396
0.9278713
0.974007
0.59661543
0.85826015
0.9192713
0.677476
0.9019288
0.84655327
0.71499115
0.97394896
0.9512096
0.4009374
0.6059426
0.9512901
0.71552086
0.9289578
0.3842405
0.9014473
0.98331046
0.8277832
0.890581
0.984288
0.9947397
0.9860685
0.9617579
0.43603677
0.5349893
0.9885105
0.8564442
0.98190904
0.97736186
0.9853762
0.85518336
0.45027524
0.6478746
0.90494865
0.9910443
0.9751692
0.9530789
0.83415234
0.91760707
0.9959954
0.8623043
0.990604
0.84139264
0.90744454
0.96514755
0.90526193
0.84426993
0.97001004
0.6457998
0.9944997
0.92876375
0.77097654
0.7535132
0.9641266
0.34480712
0.25063106
0.94680554
0.81331134
0.9726123
0.8907522
0.9143785
0.8139486
0.93856746
0.6990919
0.98157895
0.87743497
0.96299136
0.98163396
0.98760116
0.9436739
0.90622485
0.7230759
0.7227545
0.98715216
0.62889206
0.9440694
0.9902434
0.58854604
0.9842762
0.98517543
0.9757016
0.93608093
0.96109456
0.9833589
0.8129925
0.982742
0.9175793
0.7659549
0.6642362
0.986971
0.9758439
0.9761825
0.68032026
0.8647939
0.950186
0.84237766
0.573836
0.8829709
0.99354726
0.67379814
0.9936515
0.9320896
0.8928172
0.93667436
0.96788096
0.9807561
0.85989153
0.9700197
0.2131941
0.86278087
0.6053498
0.9708858
0.93951845
0.9570044
0.9288375
0.94105464
0.6942834
0.57849383
0.9405373
0.8913324
0.8800449
0.66270775
0.89521277
0.6378846
0.9681852
0.98907954
0.9926439
0.80257696
0.9865264
0.3895499
0.78422177
0.6357395
0.8027293
0.8622509
0.98288983
0.8451133
0.9321955
0.48315585
0.9641097
0.90362877
0.9942319
0.86271596
0.9023026
0.643909
0.7636518
0.99181306
0.100117154
0.95914114
0.8876062
0.7710063
0.95227104
0.97547966
0.940611
0.9480351
0.79060054
0.961214
0.5512721
0.97051346
0.98611057
0.30528563
0.91925037
0.8631484
0.79911774
0.9541973
0.8420641
0.8425352
0.8438657
0.91101474
0.983412
0.9524193
0.9823267
0.9869669
0.979045
0.9163525
0.79121023
0.47282732
0.73224187
0.96793914
0.2163785
0.74354815
0.87115306
0.83224666
0.35237813
0.9458668
0.9075613
0.31346393
0.6563045
0.94295573
0.9238966
0.63545287
0.780798
0.8379511
0.9365458
0.7108135
0.90458643
0.79933494
0.89223623
0.9564077
0.98755825
0.9137512
0.7838491
0.8879228
0.6576858
0.9843635
0.9644692
0.83433634
0.9413671
0.9529788
0.9287399
0.9752324
0.97089964
0.9714802
0.9221098
0.95234835
0.99529594
0.9514722
0.23354256
0.9866019
0.85017335
0.9916258
0.9803197
0.6983448
0.5276403
0.99928516
0.9794923
0.8110854
0.86776984
0.9766525
0.9694648
0.5968757
0.8688376
0.9767915
0.9762803
0.9697548
0.9326351
0.91293555
0.8852902
0.9526477
0.6707504
0.955684
0.41658977
0.80863804
0.91627157
0.91899294
0.9840306
0.97624004
0.62538594
0.8341828
0.98213035
0.94193685
0.890038
0.97090924
0.95191306
0.96334326
0.9853317
0.9284903
0.8292718
0.9935812
0.9820823
0.9624847
0.95524675
0.97725016
0.8086989
0.94869363
0.8611359
0.91923475
0.75227803
0.48433128
0.9469338
0.96845824
0.9842614
0.8561879
0.28265908
0.98946875
0.8774331
0.8328645
0.2408195
0.41130272
0.028786413
0.92169076
0.9817121
0.44073585
0.71937287
0.7041093
0.8776916
0.94957477
0.9874598
0.9124762
0.14302765
0.9012266
0.67677456
0.46400052
0.79864657
0.11528464
0.7787284
0.93299145
0.8846981
0.85038996
0.8591498
0.8344896
0.9883697
0.8510873
0.96659184
0.9104188
0.63625556
0.9237229
0.96637404
0.9841898
0.92108524
0.9745569
0.68735135
0.98530525
0.80106294
0.7557071
0.9434886
0.8514013
0.8602804
0.98679113
0.8737632
0.99020153
0.9076356
0.9077313
0.651699
0.9476073
0.99263144
0.9736311
0.88768715
0.890989
0.9887701
0.19438511
0.39993373
0.9801149
0.45851827
0.12149367
0.797728
0.9749042
0.7709128
0.99055535
0.8663993
0.9483409
0.2504687
0.54210734
0.98185056
0.9908047
0.8652877
0.88468856
0.9678614
0.3738928
0.99007416
0.8293253
0.97671664
0.94093996
0.95333195
0.90617543
0.97481084
0.9746231
0.9305847
0.9528833
0.5911574
0.7870135
0.93306106
0.9860596
0.92498046
0.7492652
0.98289824
0.91444945
0.942367
0.93627703
0.96764416
0.9896494
0.96593827
0.95589244
0.9534985
0.9850975
0.9501109
0.6583106
0.92691845
0.98667544
0.827423
0.6190698
0.7705517
0.88253236
0.9762199
0.9186365
0.9917365
0.5973002
0.77816415
0.915323
0.972452
0.7432313
0.5484274
0.9337345
0.9415194
0.8491264
0.8899626
0.94545263
0.79855305
0.00450798
0.96966445
0.8749334
0.85101646
0.86665475
0.8624079
0.9430725
0.9266604
0.93476474
0.87589777
0.88349545
0.8673955
0.8316912
0.90450156
0.75187063
0.9372136
0.9293349
0.7425799
0.18381873
0.98561096
0.74452853
0.87751573
0.97846025
0.98192054
0.7315781
0.86179584
0.98486185
0.9801964
0.8712221
0.95583624
0.9414157
0.95574945
0.9681008
0.85295016
0.9921915
0.8823033
0.9317613
0.9710887
0.97109276
0.5805869
0.94521815
0.96834177
0.90624636
0.8886806
0.98539346
0.5089743
0.92025584
0.982152
0.9785582
0.71625817
0.91452754
0.75468624
0.96594095
0.8739069
0.9555449
0.9870849
0.9915398
0.90142465
0.9589635
0.9858965
0.96170795
0.99451125
0.93446153
0.8437016
0.9447541
0.9835797
0.7530582
0.9857255
0.8523913
0.9931466
0.9682709
0.8080631
0.9029279
0.9245267
0.9541932
0.97337365
0.8441517
0.8748015
0.5435563
0.64483696
0.8805863
0.7967509
0.7917303
0.73360825
0.7830562
0.8901567
0.0023777764
0.9701938
0.7070802
0.8231377
0.62521374
0.5103883
0.9566301
0.80804735
0.98763716
0.9826095
0.9408223
0.92729187
0.9062
0.8762883
0.9261055
0.7775335
0.39757624
0.54694325
0.83009404
0.88987005
0.85974884
0.9607721
0.83152616
0.97833586
0.96331793
0.9135224
0.9764885
0.9856123
0.9330835
0.7896514
0.7330414
0.65114605
0.93781734
0.93635327
0.9166722
0.7506814
0.43063465
0.95505095
0.99420667
0.9290027
0.9933503
0.8513608
0.11051383
0.98027277
0.7908037
0.52337664
0.8691084
0.52012
0.9485061
0.97017753
0.9881108
0.8807988
0.83658135
0.29220247
0.967883
0.941094
0.98031425
0.9783166
0.95005745
0.25711778
0.766305
0.9701942
0.6380783
0.8585363
0.90320134
0.8137628
0.8861549
0.9267177
0.91325384
0.5993535
0.87210286
0.9860531
0.8754625
0.93360966
0.869137
0.8371811
0.9452369
0.57588667
0.42150423
0.99108875
0.95021915
0.0017996167
0.7909124
0.9811306
0.9892909
0.87275547
0.7617778
0.9910535
0.91498536
0.9826633
0.9867454
0.7736586
0.90237415
0.98774403
0.22845933
0.8695545
0.7087219
0.28024983
0.85982627
0.93749356
0.48902398
0.9055179
0.8803274
0.972904
0.9734606
0.90534246
0.9638833
0.97097605
0.10766859
0.93302464
0.898221
0.58857906
0.991004
0.8230405
0.9502902
0.5629718
0.9405844
0.9734264
0.9820551
0.93797976
0.9442308
0.90488374
0.90484697
0.9864807
0.74222
0.9479665
0.97160894
0.7534473
0.8885242
0.9216554
0.9695795
0.98290676
0.805101
0.8001685
0.37332368
0.4878764
0.8154895
0.9094027
0.8197341
0.16925916
0.92550176
0.18310437
0.60804474
0.9538661
0.7790061
0.98475295
0.9455526
0.68310374
0.912627
0.98128235
0.85986584
0.8407343
0.7484406
0.970101
0.9024748
0.8700871
0.9342502
0.6771059
0.9918454
0.8905887
0.969389
0.95369613
0.9215424
0.4290345
0.93422633
0.9960452
0.99084115
0.77296734
0.3935582
0.3430467
0.007622433
0.8493188
0.8246732
0.9899296
0.9670245
0.83050305
0.98276454
0.95553744
0.89584315
0.78680456
0.8944084
0.96631485
0.91337734
0.7480057
0.9496183
0.93306595
0.7707781
0.99383235
0.32455656
0.9627168
0.9726279
0.78611594
0.99330866
0.96520144
0.93372387
0.98216057
0.9361585
0.9662352
0.7004869
0.98412424
0.9304585
0.9766932
0.9886747
0.36973023
0.9583545
0.9557525
0.8732341
0.8263035
0.92180693
0.8784155
0.95729166
0.98311967
0.9917031
0.7936781
0.26432538
0.6227867
0.76950824
0.85112655
0.88617855
0.81617266
0.518911
0.96910113
0.56359
0.97478265
0.9273354
0.88396585
0.45745167
0.9731799
0.9440615
0.69575715
0.8771606
0.8960079
0.78547174
0.531043
0.6109266
0.99361897
0.93663085
0.92027575
0.9543786
0.86976546
0.980878
0.9888181
0.982005
0.9829888
0.14708371
0.9678745
0.8757365
0.8198957
0.9771344
0.944507
0.7360878
0.9890416
0.67179686
0.9392421
0.542393
0.93182737
0.9767845
0.92009616
0.9836985
0.9897484
0.8357341
0.896592
0.8665476
0.9317948
0.98559546
0.870572
0.95957804
0.7963247
0.95835227
0.98824024
0.9687834
0.9045679
0.915767
0.78085
0.97164506
0.55353177
0.9928405
0.3042679
0.2121622
0.9729433
0.9668118
0.861502
0.9615703
0.98210645
0.5987273
0.66101986
0.89397955
0.7498618
0.904958
0.9578289
0.94636834
0.90914166
0.36304343
0.99066937
0.5440041
0.88147193
0.9801384
0.71554446
0.9903072
0.9307008
0.7508773
0.7983906
0.97907317
0.96415305
0.9381178
0.80419546
0.90286905
0.949232
0.6521305
0.96872765
0.8763207
0.22652298
0.43187946
0.97209316
0.4737405
0.9899086
0.76003796
0.9525096
0.9078882
0.94649786
0.98606664
0.9492107
0.6018968
0.9822839
0.9600218
0.6530527
0.9748898
0.9929403
0.30572134
0.97348726
0.9149844
0.98862875
0.9552155
0.94481415
0.054193154
0.7621542
0.9926708
0.7407838
0.6054032
0.9185377
0.75433487
0.87782747
0.27768812
0.8654612
0.9765831
0.68176967
0.20772202
0.4192394
0.85348266
0.98683757
0.9685125
0.9891483
0.8171693
0.46771538
0.49221894
0.953342
0.84876865
0.8249234
0.9655556
0.989307
0.95630836
0.8791883
0.7736703
0.98883575
0.9582918
0.9184027
0.9227289
0.90388864
0.6573491
0.8264668
0.96339744
0.88294095
0.93687683
0.9930769
0.54855764
0.9801486
0.97643614
0.57450473
0.96380556
0.98414826
0.5829978
0.96618986
0.98947424
0.9889865
0.84185874
0.99323833
0.92084306
0.9796928
0.8770852
0.27311298
0.98183215
0.91459364
0.46360192
0.6175251
0.9584811
0.96163857
0.94491315
0.8390541
0.93138194
0.98724335
0.91832703
0.9899969
0.8513048
0.8086258
0.96938455
0.43103662
0.5458591
0.9686529
0.93874776
0.97374773
0.93456084
0.9328347
0.8201872
0.7494342
0.96802247
0.95821095
0.9834457
0.98271745
0.97469383
0.924359
0.9947201
0.61925364
0.90531087
0.9784323
0.9684853
0.95553243
0.81883776
0.981426
0.9739775
0.9890667
0.9007706
0.9562386
0.92229474
0.8763968
0.88842785
0.98814243
0.3634102
0.98770475
0.82838595
0.9903869
0.9841891
0.62341225
0.8848948
0.9227648
0.58379066
0.9298079
0.9005209
0.9865601
0.971392
0.95272106
0.9759995
0.8330493
0.9426311
0.9847035
0.96056575
0.9816399
0.89223015
0.72071445
0.8711839
0.20835698
0.9109095
0.93418986
0.98513365
0.37569937
0.90368646
0.8053721
0.9871875
0.9563872
0.90254277
0.9284663
0.9432918
0.7250061
0.9862499
0.96227974
0.9289752
0.64163077
0.8213788
0.8849985
0.27683675
0.75689745
0.7895025
0.9500512
0.9728295
0.9824828
0.893973
0.2646683
0.49395102
0.9456576
0.41486794
0.9255974
0.8011661
0.980962
0.980045
0.28486723
0.46568245
0.91626793
0.77876496
0.98817307
0.98334
0.8098717
0.94321704
0.8682045
0.9765862
0.80892205
0.99295664
0.9786105
0.84582525
0.9736308
0.9139083
0.61723775
0.93346685
0.8969206
0.55455625
0.99069476
0.98945564
0.88524675
0.93060166
0.8056467
0.8992079
0.9786911
0.5971798
0.5050182
0.9677724
0.93278676
0.927672
0.9099357
0.9437309
0.8109199
0.72404355
0.53499717
0.9101253
0.9844118
0.97502637
0.9609634
0.91375977
0.97488153
0.9171612
0.9071816
0.71904933
0.7879711
0.89500684
0.99389136
0.8443397
0.9921334
0.95489776
0.969234
0.47308165
0.9685108
0.8391938
0.98618966
0.9830473
0.6700132
0.95558417
0.83427316
0.0036456732
0.97112805
0.87125915
0.92491937
0.7418083
0.82389146
0.9836024
0.40805808
0.5403689
0.3799091
0.98178816
0.3137837
0.9529112
0.2790042
0.97043884
0.6685278
0.99051696
0.66286826
0.9397793
0.9577613
0.9400071
0.9897083
0.8448724
0.65144634
0.8942567
0.90680283
0.99627763
0.8434384
0.84903854
0.5844883
0.98001385
0.94837713
0.93810606
0.74109507
0.824554
0.95539546
0.40680858
0.68048376
0.9598855
0.93920213
0.97428596
0.9690203
0.9451307
0.81132483
0.9709429
0.9613113
0.84789085
0.8803944
0.8369289
0.6905757
0.8553143
0.90213126
0.9629726
0.9640861
0.94753253
0.87728053
0.994668
0.9185745
0.62524575
0.87839395
0.9453855
0.42406312
0.5360166
0.9901522
0.7329151
0.9888975
0.8894277
0.5022986
0.99495924
0.17087902
0.95046884
0.94221586
0.98295766
0.8222758
0.7853228
0.90269
0.9836543
0.97465396
0.5964809
0.83541936
0.99045944
0.99182147
0.9449798
0.8471456
0.8394214
0.9928861
0.9748575
0.20964421
0.9614901
0.92877996
0.9751058
0.99074954
0.22464877
0.94026035
0.9903826
0.9296542
0.78377986
0.72720855
0.9828294
0.90918654
0.9359951
0.943737
0.9480695
0.96922046
0.7758852
0.17056808
0.9277106
0.8936335
0.327608
0.98210573
0.9337416
0.9217945
0.9486902
0.9035093
0.9712804
0.9194505
0.32121873
0.8892542
0.98054403
0.89038324
0.72009593
0.98090875
0.8594172
0.92694426
0.28792518
0.4821395
0.897759
0.9814408
0.9364192
0.86372113
0.3276277
0.979871
0.83500075
0.5947886
0.9764583
0.92926323
0.98843586
0.92536485
0.5750873
0.9921286
0.849163
0.96665543
0.92346275
0.53476924
0.9896652
0.86133474
0.98956954
0.84470594
0.9886875
0.92535985
0.76752067
0.971565
0.71458286
0.876121
0.8850693
0.9476263
0.9437336
0.96323407
0.8975143
0.74479866
0.99041206
0.9541921
0.46989363
0.93303937
0.99464464
0.9930397
0.7233244
0.94568956
0.6852656
0.41783816
0.94865584
0.9668442
0.9530784
0.984141
0.6787518
0.9860286
0.9155108
0.98348975
0.6269309
0.94127256
0.9751713
0.7673952
0.98819643
0.9871062
0.9372914
0.98135996
0.85932875
0.9126675
0.68350655
0.97877824
0.8169046
0.43393028
0.9821915
0.8756306
0.9834932
0.96695787
0.9729505
0.9528744
0.95501107
0.5876879
0.9752829
0.9681625
0.84884936
0.9331477
0.99180543
0.9544723
0.9464691
0.59016967
0.9617146
0.9896578
0.96087074
0.9100887
0.35507736
0.605386
0.9890043
0.62839204
0.9140267
0.977743
0.96537536
0.96113276
0.98644465
0.86489284
0.98432666
0.800928
0.9937621
0.94544166
0.17369339
0.6672815
0.95218843
0.99077857
0.77162963
0.8908693
0.9447851
0.86524737
0.8944513
0.9481731
0.96797985
0.96637017
0.55865014
0.9661509
0.9045112
0.9869249
0.75962245
0.60560083
0.9699196
0.66467875
0.91077805
0.12994502
0.9550328
0.95368874
0.9849878
0.9079347
0.98481256
0.88204473
0.9631959
0.9220425
0.96275574
0.032278158
0.88798463
0.6412009
0.95397115
0.98099893
0.96450704
0.9438732
0.4400464
0.94853765
0.9875267
0.9895779
0.9341066
0.80080867
0.7417744
0.79638046
0.7592412
0.6750899
0.8861249
0.8911382
0.9457687
0.9820639
0.5928438
0.75663614
0.6958515
0.93440753
0.94472307
0.8989822
0.85275394
0.9664284
0.8561175
0.61523795
0.8804349
0.71247643
0.9817966
0.9772208
0.9265788
0.93059915
0.8181601
0.9379005
0.9283977
0.8893202
0.9219626
0.9702547
0.9877631
0.9580677
0.98633564
0.8929409
0.5386151
0.96220994
0.9618494
0.8811602
0.8642142
0.9694448
0.79053485
0.6570019
0.9239364
0.964652
0.8811346
0.98950213
0.94712645
0.9720319
0.9905323
0.795932
0.9270278
0.950456
0.94515723
0.3619633
0.8334229
0.8559779
0.77816814
0.98934656
0.8722057
0.94063973
0.8434319
0.7409029
0.5955925
0.98580605
0.9903599
0.47832578
0.8378502
0.9220643
0.9552474
0.7471517
0.500835
0.9241453
0.06548093
0.96895355
0.79604125
0.7156248
0.42835093
0.97544336
0.9494863
0.920695
0.9859816
0.40501234
0.9357462
0.98429984
0.9704415
0.9912247
0.816183
0.8260442
0.8521095
0.9372197
0.82832444
0.9200438
0.9891957
0.29199612
0.5543551
0.9439432
0.583716
0.9542388
0.83748144
0.6884478
0.99248284
0.91421777
0.9777575
0.9753327
0.87396765
0.9892068
0.94769645
0.98136866
0.36354482
0.9729897
0.9730502
0.9117087
0.39031145
0.7819273
0.8716627
0.70866704
0.94572425
0.33062145
0.87660384
0.92915416
0.8443876
0.9165628
0.9405683
0.9718827
0.93557346
0.9898059
0.4222503
0.9308922
0.65634453
0.59317803
0.20173164
0.76730245
0.9434806
0.94376457
0.9858439
0.9774284
0.50725114
0.96327144
0.5791073
0.84676
0.9297436
0.97963357
0.9832349
0.8252274
0.81280994
0.9813519
0.8171401
0.9032521
0.8153507
0.98342323
0.86154956
0.9568637
0.596977
0.9129492
0.5388302
0.7235449
0.69238096
0.9904935
0.7630449
0.8356635
0.81960714
0.9423575
0.98096186
0.97093505
0.88041764
0.66443723
0.94814247
0.65511215
0.9220264
0.45827827
0.92717934
0.9903162
0.9122694
0.9312185
0.9638018
0.7225655
0.6884276
0.9710943
0.91739976
0.98353875
0.95043147
0.9886369
0.9746284
0.90909386
0.97771156
0.13502075
0.9715522
0.961404
0.96395296
0.5825633
0.81700987
0.9746909
0.9746313
0.89413136
0.7525058
0.9948632
0.95037645
0.49290308
0.9653808
0.9666842
0.6836471
0.85258514
0.9854564
0.52224344
0.95547783
0.4688541
0.73104805
0.7347892
0.8148252
0.36421987
0.9401122
0.9907566
0.4486012
0.9343837
0.9780682
0.97828615
0.9727735
0.6621907
0.93320763
0.90065926
0.95759696
0.9112706
0.84064555
0.87625885
0.5536889
0.86359984
0.9706895
0.96194226
0.98163486
0.97214735
0.9688514
0.89521474
0.9883711
0.82973313
0.9880436
0.9516682
0.003714892
0.2486414
0.7584736
0.94596523
0.7562672
0.9170526
0.74295616
0.39015803
0.90083
0.9120332
0.72570586
0.8492638
0.98414755
0.8938543
0.41675317
0.8222861
0.98506355
0.9112778
0.5142684
0.90149456
0.78445286
0.7704309
0.8907015
0.8432889
0.43484387
0.7322926
0.98876756
0.9833814
0.99212706
0.9487386
0.8476596
0.9251233
0.84579223
0.9890799
0.9889088
0.9775733
0.7060921
0.99464685
0.97803736
0.91009295
0.89752364
0.78863174
0.99536246
0.9763327
0.968418
0.9102696
0.5311303
0.9599441
0.93519
0.8002607
0.7904227
0.9887966
0.9730196
0.9739788
0.5641695
0.9291975
0.9592077
0.88086337
0.90059745
0.8652732
0.92707574
0.94140047
0.95027083
0.9742921
0.98873246
0.85429275
0.9834856
0.9647513
0.9778568
0.9302637
0.9774244
0.8720459
0.73622984
0.72864133
0.97695947
0.96917915
0.9649272
0.9802319
0.8329717
0.98428196
0.93169737
0.9509499
0.6000493
0.7689256
0.92898744
0.7000971
0.9055176
0.96267307
0.8921134
0.9556352
0.9862279
0.7119516
0.7232794
0.9219303
0.9885626
0.87794167
0.9657345
0.92194706
0.90832436
0.9632271
0.9249931
0.77102685
0.9375364
0.94150203
0.70737684
0.6501441
0.99066645
0.9798293
0.97993386
0.9660461
0.94451106
0.8257027
0.990917
0.5386276
0.94582415
0.9773557
0.8849668
0.6498818
0.82963264
0.9755216
0.9849487
0.98612845
0.99302894
0.977237
0.92529094
0.9428737
0.9582056
0.9916284
0.975663
0.75780493
0.6695641
0.4273438
0.89801174
0.97776353
0.984065
0.73334956
0.4778667
0.85852885
0.9852291
0.8673771
0.9749053
0.9590773
0.98192364
0.79120636
0.8439444
0.96063393
0.93258625
0.9662555
0.9768623
0.9343887
0.9230837
0.85104847
0.93794745
0.9255189
0.96736187
0.84709877
0.90698403
0.578128
0.9579381
0.91239727
0.87046176
0.94901735
0.97755903
0.94840896
0.9581374
0.66815335
0.9692851
0.90639246
0.99351317
0.6188886
0.91672873
0.74126387
0.67891073
0.8113851
0.181222
0.94514066
0.94349986
0.9932633
0.8363942
0.9896054
0.9793896
0.19735713
0.99571323
0.98165476
0.9320172
0.91452724
0.7806293
0.8943669
0.9339972
0.98116964
0.93754125
0.78542167
0.9943772
0.37857306
0.9484629
0.85817796
0.8215034
0.39267278
0.7219178
0.8830244
0.9499658
0.8836768
0.98460877
0.951976
0.9438056
0.6032481
0.97300196
0.14660299
0.9675521
0.9901292
0.7389875
0.9758617
0.97690374
0.14030886
0.9777368
0.76497954
0.98274463
0.98609644
0.8975071
0.79143775
0.994231
0.97432715
0.98425967
0.68159574
0.43749318
0.971114
0.62034667
0.9850299
0.2856641
0.6788728
0.92731905
0.9157095
0.92008114
0.9790167
0.8086305
0.9481979
0.15459892
0.9342266
0.56618583
0.6719705
0.97073215
0.9621441
0.9615385
0.9774481
0.94669473
0.9036345
0.9800347
0.99166614
0.9385134
0.45152682
0.98046404
0.6598889
0.94183606
0.9863923
0.9033624
0.8941331
0.97405
0.7860193
0.58696413
0.9759321
0.96254516
0.8138928
0.8095203
0.94710153
0.82223326
0.9883846
0.6404608
0.110159114
0.9728881
0.96785897
0.8840555
0.8903785
0.982192
0.9852068
0.83659256
0.6335494
0.9048133
0.769303
0.5428183
0.98211974
0.21873644
0.7840139
0.7686935
0.9378997
0.9107094
0.98726195
0.9715166
0.9522781
0.84200805
0.9285304
0.25504056
0.9822872
0.9839039
0.9737544
0.75555074
0.97096014
0.95559376
0.9827283
0.7228164
0.8185658
0.98409015
0.85155284
0.8755578
0.97778374
0.6868303
0.57682586
0.57058275
0.930737
0.0355388
0.9030054
0.98571026
0.49144763
0.688938
0.93271714
0.9247549
0.46524596
0.8063314
0.96396714
0.8282412
0.9619737
0.88509005
0.9854593
0.84255755
0.31506988
0.9507489
0.9474989
0.9926571
0.97571975
0.915595
0.9494718
0.95162743
0.8450395
0.9833129
0.85090905
0.36728084
0.66954565
0.0019281831
0.71480095
0.72930324
0.61119086
0.7875708
0.97404987
0.91034126
0.85164535
0.9838059
0.90086585
0.94946384
0.8279678
0.98452026
0.8131508
0.60607845
0.68170273
0.23721619
0.97853196
0.96173626
0.6156911
0.99462885
0.6010198
0.4981367
0.58815706
0.9525222
0.882821
0.9713982
0.92304796
0.9494969
0.953869
0.98828286
0.9433805
0.9217835
0.9649123
0.989838
0.9666205
0.9510252
0.9090518
0.8838364
0.8794255
0.78314257
0.53183615
0.8184811
0.75821775
0.98030317
0.93355834
0.97115606
0.93887794
0.8789054
0.9607903
0.78895605
0.95509046
0.8574571
0.86959267
0.98220485
0.9254865
0.98459274
0.93896824
0.9419763
0.8182554
0.2766038
0.46227303
0.98900175
0.9594934
0.7022414
0.9528227
0.58463365
0.9502183
0.9426557
0.61762875
0.9885621
0.75533605
0.9144324
0.98091847
0.94269633
0.8756498
0.79002196
0.7060628
0.5992647
0.7372303
0.35196385
0.8971919
0.9357659
0.8258897
0.8838921
0.95116514
0.89465356
0.94892454
0.98439413
0.82160866
0.30940065
0.9932162
0.8995647
0.57652813
0.92624456
0.9624278
0.9882732
0.9683805
0.6895478
0.5108878
0.778327
0.36730337
0.5751003
0.43121827
0.9817239
0.92484677
0.61704344
0.9802151
0.9928427
0.9289968
0.5196315
0.97767776
0.65830314
0.991956
0.9419947
0.9585504
0.82069373
0.9889347
0.8019221
0.6250439
0.70427436
0.9488174
0.93166745
0.97519284
0.9895783
0.9718142
0.92852294
0.62402135
0.8349653
0.9426343
0.9050955
0.97616684
0.8441734
0.9831838
0.94315666
0.3274324
0.9819795
0.97919023
0.9575428
0.87623876
0.54594654
0.9601622
0.81250983
0.99421906
0.7640621
0.9632918
0.97377014
0.78992486
0.7698513
0.98633134
0.6988601
0.9909066
0.5898564
0.8171217
0.99008596
0.935569
0.9665568
0.9631141
0.6125251
0.876045
0.90900666
0.9861346
0.7657876
0.4296894
0.9546698
0.653051
0.48981673
0.94696534
0.9584336
0.99214315
0.5168504
0.8747345
0.98603255
0.07912778
0.9635663
0.4621457
0.9236258
0.91310143
0.9678179
0.9834592
0.89060533
0.27843088
0.5491056
0.36441192
0.9769562
0.94757557
0.52653617
0.8685132
0.7390115
0.95317197
0.9374548
0.7042119
0.9336232
0.8154771
0.82835746
0.9233117
0.90704817
0.9906103
0.94288117
0.97828615
0.9764316
0.9842584
0.9470929
0.26308355
0.82401884
0.9732064
0.97200745
0.8017407
0.8255182
0.23354816
0.9832503
0.99475765
0.9317736
0.98722166
0.878711
0.8898374
0.8830287
0.8310151
0.98016584
0.92890024
0.5402683
0.98292994
0.7587201
0.98414016
0.2973075
0.84569573
0.94630355
0.87860256
0.2722042
0.7689475
0.828317
0.7384979
0.958984
0.9820809
0.5079234
0.15030229
0.9896359
0.8438246
0.96457547
0.801285
0.974532
0.98477083
0.98132634
0.9637304
0.88407654
0.8837968
0.501214
0.95593446
0.94704646
0.9491615
0.48539993
0.95512265
0.9339088
0.9526185
0.97986174
0.9940096
0.96852016
0.99701285
0.9837583
0.6578621
0.96139324
0.6395711
0.98807716
0.47527587
0.98630756
0.9635398
0.79502934
0.7798512
0.9656601
0.9709448
0.94319284
0.33172137
0.9902682
0.96645546
0.98995703
0.42007682
0.8280786
0.3851588
0.93564266
0.98754907
0.79656655
0.9527241
0.7476456
0.97931117
0.9882572
0.8877005
0.94882786
0.98977727
0.9816434
0.8902828
0.9279514
0.9214025
0.925856
0.9693793
0.8213528
0.44434103
0.91067976
0.8048812
0.991097
0.7934518
0.9802775
0.9457158
0.32104626
0.9502529
0.9907003
0.98837227
0.8568196
0.5449823
0.95078427
0.81246394
0.86732984
0.9326085
0.9731314
0.8843687
0.28719324
0.7487602
0.9308543
0.27873752
0.73666936
0.83047277
0.98375803
0.41511488
0.958854
0.95277095
0.8323538
0.8760189
0.9907194
0.8307466
0.9126704
0.99359095
0.93016547
0.9425979
0.52883697
0.9906922
0.9359758
0.67522633
0.48643807
0.44934738
0.9809064
0.7820872
0.98191434
0.75084686
0.509484
0.8559818
0.6214842
0.9831602
0.98054427
0.9757082
0.9895146
0.9417407
0.9832704
0.6159328
0.3178064
0.9943256
0.8026928
0.9819324
0.97667366
0.80956864
0.77381384
0.88481003
0.94527227
0.9322744
0.41542867
0.9712776
0.9912288
0.77735233
0.98090327
0.9229937
0.9411873
0.93402547
0.8852946
0.95843035
0.8373085
0.8637728
0.84186095
0.9841374
0.86628085
0.82416433
0.7385246
0.9663036
0.62550485
0.9309286
0.5374588
0.9872521
0.51574284
0.16607302
0.8895016
0.7861598
0.9214608
0.9518245
0.9800821
0.8984594
0.54488164
0.61150396
0.943853
0.028117966
0.9859656
0.56916547
0.9415832
0.95588034
0.9464366
0.9794653
0.9193142
0.9436363
0.6957552
0.67529786
0.4382379
0.87099665
0.94003063
0.9569834
0.51564485
0.85248226
0.9555245
0.93540245
0.9653283
0.9720338
0.92386174
0.9451304
0.3227241
0.9516843
0.69696206
0.79722553
0.9658207
0.94232124
0.97373486
0.9879539
0.8485419
0.76986665
0.9739943
0.81018496
0.3736728
0.9344165
0.9402494
0.976896
0.8694496
0.9578895
0.94689083
0.676559
0.89117074
0.9544065
0.98521936
0.36949527
0.9771549
0.9817348
0.6118865
0.7974452
0.97216946
0.49903497
0.5203854
0.99204355
0.9355761
0.81046456
0.9642824
0.9942637
0.8627104
0.9899781
0.98939985
0.7844376
0.5649949
0.9683754
0.9900961
0.5848223
0.5657616
0.9930692
0.9702248
0.9692313
0.9835504
0.89515907
0.6078676
0.8216117
0.9433685
0.9656272
0.54007614
0.9603006
0.7241138
0.76349545
0.8445155
0.8996598
0.6855602
0.9862634
0.9544873
0.36414248
0.5889347
0.3830624
0.9858423
0.96610314
0.77808744
0.9690092
0.9348677
0.97797066
0.97967315
0.92613125
0.9913946
0.88368547
0.6589372
0.93000543
0.9659124
0.9342327
0.98191327
0.91599977
0.99530774
0.7282288
0.93299556
0.25598
0.9772271
0.9923282
0.7485828
0.9277113
0.9559826
0.8726678
0.9666637
0.91567034
0.9845242
0.4236058
0.9307107
0.9072618
0.80312026
0.9128214
0.98359793
0.8674331
0.9283678
0.81916445
0.98502606
0.9343374
0.91079485
0.965981
0.9715216
0.9846714
0.92060965
0.8987591
0.9959351
0.9680338
0.8460202
0.6822218
0.9338788
0.9478997
0.97354627
0.9784535
0.9942958
0.82555014
0.89303166
0.590275
0.8439978
0.42930818
0.795756
0.7640533
0.9598438
0.988187
0.535804
0.94062924
0.982366
0.87780136
0.53034157
0.96155965
0.593412
0.8009334
0.42068702
0.859984
0.9456803
0.88541234
0.9422659
0.70152384
0.99323845
0.945466
0.95919204
0.47058797
0.9315256
0.6079046
0.6917999
0.76147604
0.90448564
0.9692113
0.44484663
0.8963302
0.94496435
0.97330624
0.8703578
0.9281826
0.8951346
0.97497207
0.99006826
0.9885433
0.53963476
0.35724467
0.9576205
0.9155646
0.79657274
0.8612744
0.80356234
0.97774816
0.35978153
0.9438436
0.79923254
0.96785384
0.65291196
0.9865264
0.9040822
0.961383
0.79544026
0.96466774
0.98340696
0.9899284
0.99095345
0.8178276
0.95836556
0.82122964
0.35276926
0.90418637
0.9678822
0.9024662
0.9092235
0.6745398
0.8369303
0.8428621
0.9604153
0.9864933
0.88389826
0.14253151
0.9849878
0.97606057
0.4998918
0.6470731
0.7536367
0.970477
0.7596127
0.6852105
0.9283743
0.904495
0.9307056
0.97313434
0.59197533
0.9065155
0.5753519
0.9689386
0.34272456
0.78729385
0.9867236
0.95134485
0.61578184
0.97707874
0.850809
0.89475405
0.67979294
0.7889809
0.7442169
0.94973916
0.96636194
0.94879276
0.9551306
0.970455
0.92348593
0.94422644
0.60146135
0.935019
0.9567597
0.9726787
0.9175651
0.32146943
0.8381737
0.9649572
0.9845292
0.69011796
0.71203065
0.9667841
0.49398232
0.93607324
0.6965521
0.17842995
0.97460496
0.7962331
0.92453086
0.96920747
0.910987
0.92673796
0.989783
0.94176257
0.52268
0.990741
0.8535445
0.24494895
0.9928444
0.98298925
0.9537526
0.8046674
0.9769862
0.7102317
0.7446227
0.94957626
0.9611923
0.38697383
0.87586594
0.9656984
0.97757316
0.9404772
0.98117906
0.6370734
0.87507373
0.7692784
0.988145
0.6830296
0.88232464
0.7180877
0.9840059
0.92581207
0.8545391
0.7550222
0.9316153
0.9856199
0.7669263
0.9492551
0.0834044
0.9765351
0.9547099
0.6261757
0.98591805
0.88194245
0.9040544
0.79659814
0.9835149
0.99100983
0.77688986
0.9651325
0.986522
0.9165161
0.7523574
0.97426444
0.99003756
0.830898
0.9458026
0.95092213
0.92290586
0.9833515
0.95839083
0.85772955
0.9082481
0.95502967
0.87964004
0.7786168
0.6050195
0.8467883
0.9605072
0.98800683
0.69742817
0.3597962
0.99109054
0.950621
0.9832064
0.98779964
0.612038
0.8891967
0.93306136
0.9864357
0.8911838
0.74044055
0.86162734
0.97205377
0.99050575
0.97769004
0.95803607
0.9658313
0.9863201
0.92574555
0.9545331
0.9639849
0.8449983
0.2596385
0.9900781
0.6756256
0.9522358
0.83206105
0.77916396
0.4970859
0.9764215
0.9368808
0.87676007
0.8973622
0.21094735
0.9663444
0.85744184
0.18835345
0.90418625
0.97459114
0.9717648
0.97766143
0.9539354
0.93303084
0.9130621
0.83254766
0.97183573
0.96007353
0.9707728
0.9513304
0.9911321
0.6925143
0.6822683
0.64271754
0.96341425
0.87298393
0.9170652
0.7312797
0.97036934
0.8177917
0.56550765
0.97897434
0.98929346
0.97535217
0.9729128
0.9634457
0.9886896
0.936034
0.9686979
0.62249243
0.78703207
0.5473286
0.90951186
0.5774967
0.9308969
0.598142
0.9171975
0.9456779
0.9492929
0.9800473
0.9508621
0.9333824
0.9931015
0.93563557
0.9424883
0.74984115
0.19259092
0.81446195
0.82834023
0.89362824
0.9931629
0.95792
0.7596702
0.61036295
0.93368345
0.80429757
0.98466367
0.7244674
0.8361725
0.42715228
0.3758099
0.5528616
0.76086277
0.85237885
0.1310507
0.9374197
0.893684
0.70246255
0.9769076
0.26661506
0.8629678
0.9515133
0.9794869
0.87136364
0.8638032
0.6854678
0.84618
0.95751476
0.9548307
0.8214127
0.73587835
0.7997715
0.98830265
0.968648
0.39226267
0.7573465
0.9014375
0.91780126
0.7595285
0.95910305
0.97553307
0.9697593
0.9774853
0.852619
0.982225
0.776981
0.4156409
0.9492968
0.8317937
0.87441885
0.39182967
0.9719615
0.9415312
0.9557907
0.4648848
0.8581016
0.9411981
0.5374398
0.93022025
0.7408095
0.41612995
0.91216195
0.97958183
0.7195361
0.37020248
0.1381073
0.7875722
0.35464
0.985449
0.8823156
0.94757384
0.7110259
0.91832584
0.9389176
0.9850503
0.9484978
0.7841347
0.9007809
0.94494796
0.65059566
0.8528584
0.9267522
0.84168214
0.851205
0.98302966
0.61131
0.9228545
0.8239407
0.92772377
0.9942508
0.97081316
0.1634664
0.9120829
0.93329453
0.66369814
0.76252574
0.9144035
0.84740555
0.94971335
0.9949941
0.8753971
0.9644292
0.9844683
0.7972029
0.99418503
0.9828488
0.9392601
0.8997541
0.9846964
0.6901044
0.34322003
0.429143
0.8295773
0.9735771
0.57136285
0.95882857
0.59981805
0.8713764
0.8429091
0.97617483
0.95161295
0.8605199
0.9766847
0.24975535
0.7858877
0.9479963
0.96135414
0.92816997
0.9947701
0.97621197
0.98642415
0.9343403
0.963644
0.74865097
0.57344395
0.9882025
0.9678045
0.816289
0.4911023
0.98007375
0.7600142
0.93268466
0.6642666
0.9686928
0.9951767
0.85244644
0.9520607
0.9868132
0.98360044
0.91660446
0.9726077
0.90946484
0.51322263
0.96579474
0.97529227
0.98422617
0.89510244
0.9782497
0.97951907
0.54977185
0.8835157
0.9679129
0.9659641
0.9444592
0.4952223
0.9559322
0.82109946
0.9109125
0.971307
0.75032073
0.9596017
0.97799236
0.8045744
0.91286373
0.84435
0.9752083
0.9795376
0.8769654
0.8799512
0.90134996
0.95404094
0.6133058
0.98602957
0.9774599
0.8231704
0.9005721
0.90237314
0.9668436
0.9605828
0.88604283
0.91391957
0.9908476
0.978744
0.83597034
0.88817805
0.9828909
0.98903745
0.86504394
0.8429869
0.78313625
0.7612087
0.9836907
0.901354
0.64829963
0.97175914
0.0018233567
0.85678494
0.84685975
0.9807273
0.6620021
0.94752353
0.85556006
0.8712406
0.91003805
0.72846156
0.85478276
0.36431906
0.98864895
0.97771966
0.9761998
0.89922595
0.788126
0.9452437
0.6746786
0.9850448
0.90685225
0.9929636
0.9363271
0.6894217
0.97027135
0.9517668
0.94800395
0.9653275
0.940518
0.69293916
0.6609315
0.86902887
0.5385519
0.90560067
0.94416535
0.9007955
0.99064213
0.62522376
0.22588675
0.91547465
0.80575645
0.98829705
0.89329785
0.61364627
0.966028
0.8711414
0.98494244
0.92356193
0.98919654
0.9542849
0.7063035
0.75375915
0.98804295
0.686503
0.9477639
0.7584017
0.50153625
0.94327533
0.29700264
0.7698465
0.59421307
0.990316
0.8072862
0.6996689
0.9473451
0.95930135
0.91929185
0.9812344
0.9904785
0.96614987
0.9694846
0.9768836
0.86634976
0.8499959
0.9717681
0.9592836
0.9783182
0.606633
0.91638225
0.98372954
0.98431987
0.9472996
0.9335537
0.98967654
0.65594923
0.9634127
0.6973868
0.9580364
0.8804101
0.8963379
0.9431504
0.47754928
0.9644089
0.8651476
0.9552188
0.9623833
0.55215484
0.6588668
0.88573325
0.5235665
0.9716898
0.35543096
0.37153348
0.78807247
0.98761535
0.97397727
0.541097
0.7810846
0.9856882
0.94524884
0.9552772
0.9898336
0.83401036
0.6619382
0.96707326
0.79442143
0.93378466
0.9450481
0.73959684
0.9202462
0.9871043
0.91682786
0.88788587
0.9817238
0.9244668
0.9796901
0.2308662
0.6915599
0.9380488
0.93146944
0.85586756
0.9361739
0.98223877
0.98370993
0.64316875
0.96740425
0.5883111
0.95289594
0.9695098
0.9078618
0.9021613
0.9594429
0.65650356
0.9767304
0.4858627
0.8689842
0.9781762
0.4978043
0.8763146
0.9659127
0.9445033
0.64212817
0.9636444
0.96090573
0.61616695
0.8861918
0.80173916
0.79941314
0.9700575
0.99599
0.9680967
0.96270245
0.8780072
0.9512676
0.5917569
0.9824928
0.97197527
0.59296596
0.77806103
0.8812118
0.65565413
0.7873423
0.4721785
0.7211974
0.8342865
0.1856288
0.9082608
0.99267125
0.9840804
0.21857168
0.9782754
0.98119056
0.9592553
0.95864755
0.9903453
0.76744455
0.2604827
0.90935916
0.9728957
0.9705897
0.9372727
0.9290546
0.911282
0.97521067
0.8873921
0.85671663
0.91104656
0.7589437
0.9457859
0.9924034
0.95660055
0.8834516
0.7848445
0.9346255
0.9358561
0.008947184
0.9670611
0.38774368
0.98462105
0.45947543
0.5981785
0.8880291
0.16855247
0.9371162
0.81043446
0.68853515
0.79820395
0.9835295
0.07817967
0.98742664
0.29457635
0.88848877
0.92385745
0.5635509
0.93159926
0.9505536
0.7199745
0.9619762
0.85064834
0.80936223
0.9059289
0.8397495
0.97251534
0.8963861
0.6101844
0.9543862
0.28053716
0.95033
0.66890967
0.98130924
0.9814217
0.48441282
0.9816621
0.8854732
0.973927
0.9848011
0.6725287
0.9740519
0.9560151
0.98434836
0.8860448
0.9374258
0.97638357
0.90473735
0.97158223
0.76585877
0.9422804
0.8654307
0.4392991
0.88936716
0.89293754
0.99356514
0.94954854
0.30250624
0.87211496
0.9690617
0.5509362
0.98807305
0.9475169
0.43948644
0.79596
0.9706645
0.9930601
0.96127516
0.69171184
0.91051316
0.9907184
0.3237027
0.9908631
0.9384697
0.9821671
0.9640217
0.97989535
0.4086612
0.9275746
0.5609839
0.8827235
0.9217587
0.99071103
0.49013388
0.37407085
0.98025125
0.9845095
0.9774418
0.9740365
0.95463294
0.935656
0.97750705
0.93317795
0.9805039
0.9681749
0.89926237
0.8934391
0.7316012
0.8982715
0.7541396
0.7257146
0.9606757
0.9476326
0.9359701
0.91688824
0.9893215
0.97026855
0.9265266
0.7561013
0.956219
0.675245
0.85236466
0.87567234
0.8688543
0.8665761
0.9667449
0.941073
0.92867047
0.97701824
0.5131443
0.9344425
0.9908057
0.6809708
0.9380433
0.7476389
0.8961963
0.98065454
0.43551913
0.98979986
0.9710367
0.8695049
0.9847269
0.346329
0.666862
0.86358124
0.9624239
0.9257035
0.9721584
0.31893447
0.964316
0.34378603
0.9298605
0.8589643
0.7446836
0.9357609
0.99216473
0.8878065
0.75654036
0.9835015
0.74789333
0.933043
0.90552753
0.81107986
0.97991073
0.97735083
0.95665246
0.949353
0.9053443
0.976698
0.9471288
0.5920869
0.5191266
0.30852824
0.90320104
0.63669866
0.9801222
0.9915024
0.8577026
0.970139
0.91617095
0.7608123
0.9188553
0.9762546
0.7718125
0.88571566
0.9867808
0.9689238
0.92731786
0.9844549
0.9707061
0.9829323
0.8892412
0.8938432
0.9605502
0.9932253
0.32223466
0.9859914
0.9715864
0.9733891
0.9795551
0.6606696
0.9413155
0.68589664
0.98121876
0.9794672
0.9260509
0.9856586
0.89980763
0.86902547
0.21380098
0.93963456
0.9802766
0.88855946
0.9718953
0.972866
0.94940466
0.86386627
0.91693455
0.75225204
0.19825989
0.9851879
0.8702727
0.9786574
0.9736781
0.9853217
0.97325
0.3690978
0.96391076
0.42536777
0.9645323
0.75745267
0.85735387
0.9403949
0.9789153
0.9841734
0.9735633
0.88542104
0.97188944
0.9886475
0.98231286
0.8779298
0.46243063
0.9760399
0.87494063
0.98005414
0.8582275
0.98401177
0.7436787
0.99568033
0.9583617
0.96777076
0.9381784
0.9464494
0.9452857
0.97943795
0.8314142
0.5911154
0.70219374
0.98595744
0.9905964
0.8829591
0.3984905
0.9642483
0.22012012
0.92991483
0.66759604
0.8279382
0.8152135
0.78127056
0.94702935
0.9739352
0.9291878
0.92715055
0.8260519
0.89617187
0.9427636
0.8627656
0.7344776
0.805282
0.98646325
0.91191435
0.96739846
0.9682548
0.8928343
0.24313751
0.9307331
0.65786636
0.88209844
0.94405466
0.919033
0.0073905154
0.86634356
0.8938183
0.9063784
0.90579945
0.7697599
0.9367646
0.94252276
0.8526161
0.972452
0.79180497
0.50257564
0.87970036
0.9848925
0.40782642
0.8879543
0.9798955
0.91651213
0.96721977
0.7743926
0.48662278
0.98912954
0.96852434
0.98994386
0.41311193
0.92438203
0.73452026
0.774967
0.84402716
0.76799035
0.9860837
0.9822896
0.9344503
0.77647364
0.78456026
0.9803648
0.9813477
0.989725
0.8703116
0.95238286
0.97469395
0.9006151
0.84788644
0.86157614
0.5786441
0.37957376
0.9578454
0.9895676
0.9286917
0.8893749
0.87581277
0.97078294
0.9899518
0.5116545
0.89958495
0.57859683
0.994331
0.9127218
0.8911788
0.95401096
0.8918183
0.1125546
0.93912244
0.98971725
0.7795209
0.9387273
0.9923787
0.9817932
0.9469309
0.8119382
0.8786593
0.96194726
0.9289387
0.5634902
0.9823194
0.9393651
0.93237317
0.92597425
0.98726386
0.933863
0.94196755
0.8747151
0.65036744
0.6924498
0.9334567
0.9939621
0.9589063
0.8964492
0.9860372
0.9579072
0.93460417
0.7715955
0.875133
0.88466656
0.912641
0.9685481
0.9256285
0.87477505
0.9789453
0.9834872
0.93786407
0.9929933
0.9163499
0.960262
0.33902475
0.9488326
0.6323516
0.94664913
0.5166535
0.78953624
0.95357156
0.37801918
0.8740262
0.31603327
0.8776356
0.90767086
0.81687635
0.8984161
0.7657634
0.9774345
0.6422604
0.94405156
0.9556373
0.9436825
0.28194267
0.95189595
0.9667436
0.7612181
0.3048429
0.5228283
0.96286756
0.8595305
0.39729556
0.9600597
0.7752139
0.007595173
0.7898861
0.9344375
0.97574776
0.99824154
0.9768728
0.70721835
0.9515526
0.9884809
0.90333575
0.91570675
0.9326451
0.47048172
0.9409477
0.9321802
0.82021886
0.9159681
0.90213907
0.8509115
0.95717895
0.19535215
0.7410685
0.9645331
0.8822165
0.9182644
0.9794979
0.9543666
0.9509403
0.681895
0.98905903
0.9760282
0.9774459
0.9905195
0.53234714
0.005826919
0.8380989
0.9762567
0.67109275
0.46048737
0.7693356
0.87050885
0.7849148
0.51970285
0.98595494
0.981822
0.9129787
0.9687431
0.985013
0.2550908
0.90316164
0.83341426
0.81746435
0.9812097
0.9786008
0.99035
0.9796951
0.4767479
0.9907329
0.8654421
0.9394751
0.85823554
0.9875392
0.40201804
0.8340102
0.9273858
0.94186354
0.16544123
0.66793805
0.72894245
0.8351381
0.748901
0.9513295
0.79036766
0.97266686
0.9080985
0.98727137
0.98343843
0.93266994
0.9702048
0.98178506
0.9453998
0.94986355
0.85924006
0.92832845
0.9423056
0.9918
0.6448334
0.9542335
0.9901107
0.98868495
0.90977216
0.7256614
0.90281284
0.8820881
0.9892023
0.9895649
0.9931202
0.98388255
0.35834038
0.3921
0.81816274
0.8995645
0.7620683
0.94938594
0.73294514
0.93561697
0.100403845
0.53101224
0.9006717
0.87227964
0.9537282
0.942265
0.99276966
0.8741479
0.939989
0.9766839
0.7088381
0.9774065
0.90946835
0.08928903
0.98210835
0.9529518
0.95094216
0.8484892
0.96609145
0.9758446
0.9780431
0.95688546
0.6613669
0.8944948
0.8640625
0.9417336
0.984322
0.9616138
0.8345462
0.9717371
0.22211243
0.9806758
0.9880894
0.98832184
0.51404244
0.81993467
0.95154387
0.91040695
0.93677336
0.891557
0.9245858
0.7104592
0.3109193
0.9815336
0.0025578032
0.97008735
0.93269753
0.7424328
0.9177144
0.9329842
0.6996351
0.92334545
0.9788857
0.97354627
0.9934064
0.6226815
0.72530514
0.9280604
0.97722
0.8236233
0.892079
0.9314714
0.95806956
0.24783278
0.98952484
0.93385977
0.9427634
0.85916924
0.8701636
0.9143433
0.9383875
0.97220874
0.9679994
0.98116976
0.768651
0.7526373
0.96154356
0.93770653
0.9820364
0.81581795
0.8979077
0.89908147
0.76617026
0.91314906
0.8813764
0.9259471
0.98500884
0.9502587
0.66408324
0.965129
0.76049966
0.83711123
0.9873645
0.92847127
0.98817027
0.984812
0.8429774
0.94113415
0.8645628
0.9596239
0.98765695
0.96906507
0.973354
0.8378408
0.606269
0.9365728
0.8027147
0.65052354
0.9658996
0.97989684
0.9898156
0.9945247
0.93892914
0.94160235
0.65346324
0.9783328
0.9538633
0.30829072
0.86276776
0.9354988
0.98275375
0.77183306
0.3560222
0.95170516
0.91830283
0.9766565
0.51999086
0.30676618
0.9329982
0.90340465
0.81464285
0.975117
0.99176323
0.76746815
0.44992805
0.9103617
0.9843252
0.40660802
0.8764465
0.9690505
0.9085899
0.9466691
0.8361186
0.8803496
0.91156226
0.9155256
0.98826337
0.90664935
0.90065134
0.8612702
0.3559063
0.39694276
0.98556834
0.9771394
0.9400119
0.9219461
0.7816844
0.9216434
0.9445618
0.96654594
0.9243902
0.9857044
0.9927188
0.774196
0.8621148
0.8232629
0.16598995
0.7149429
0.52344024
0.98988944
0.9761159
0.9920729
0.84287035
0.9761001
0.8801182
0.5813301
0.79945874
0.75504756
0.99224734
0.77176213
0.7845007
0.8643809
0.9433848
0.9902587
0.96879333
0.74576384
0.9739259
0.8827237
0.8243226
0.9480427
0.8206641
0.91323584
0.6345115
0.62658167
0.94726217
0.8990856
0.90188664
0.88577986
0.004425396
0.9765231
0.8659434
0.96697116
0.99016666
0.94735503
0.5385039
0.98727745
0.7066035
0.9601975
0.94123024
0.91317946
0.8937563
0.9914106
0.9120538
0.9891801
0.89268315
0.4812543
0.9584711
0.93616116
0.93414664
0.881043
0.9897676
0.9117002
0.9873475
0.7530443
0.9672335
0.96100247
0.9214083
0.993024
0.9782873
0.98829776
0.82978547
0.9017626
0.9862061
0.77469397
0.93522906
0.95347995
0.93487334
0.8084376
0.96679693
0.871851
0.8422209
0.76198745
0.8555295
0.9088544
0.98850536
0.9731808
0.9531998
0.30857852
0.97097325
0.96529406
0.6930788
0.89920366
0.7913665
0.95085883
0.9888726
0.8157816
0.85950524
0.43899524
0.8243556
0.9870855
0.59130377
0.98604035
0.99306494
0.123526074
0.9866241
0.9379954
0.96251863
0.98773545
0.9241733
0.91987956
0.8021267
0.9339607
0.6188364
0.9313885
0.75571805
0.8752448
0.55085254
0.9534868
0.98538256
0.9270154
0.94464445
0.8902377
0.94532
0.9429387
0.76034254
0.97781587
0.28308165
0.93215716
0.92216355
0.99229586
0.88947606
0.9441981
0.98317164
0.8403611
0.8855009
0.39937845
0.9025222
0.8403348
0.9102667
0.9376767
0.9884871
0.64652026
0.94245774
0.851344
0.9827784
0.94061166
0.93917376
0.8514244
0.84874904
0.30018365
0.91954327
0.989186
0.47793368
0.7156148
0.92957354
0.55248857
0.9762229
0.9736912
0.8847363
0.6578478
0.47630304
0.9862874
0.91973424
0.8723118
0.8708797
0.7592872
0.9172319
0.84734476
0.78778535
0.8523466
0.23901159
0.9813105
0.34004858
0.9391966
0.9943942
0.98408544
0.78118944
0.885281
0.82418543
0.98091817
0.6027606
0.8912464
0.9610057
0.78124434
0.87347806
0.9751638
0.7581119
0.98174185
0.920218
0.9364683
0.87779677
0.9855295
0.97484505
0.7853912
0.9904331
0.91701937
0.6460331
0.4353216
0.9087317
0.9769214
0.8900784
0.98614836
0.9597855
0.96383303
0.941996
0.84479696
0.4493625
0.8479799
0.89767456
0.58248687
0.7449323
0.9656883
0.9779905
0.9479701
0.63483876
0.89833635
0.9897524
0.9913629
0.9477322
0.9744986
0.98510146
0.9239677
0.7767976
0.89077336
0.9018469
0.8720121
0.8092917
0.97172856
0.87358636
0.4029774
0.99120986
0.5241928
0.91346675
0.9787699
0.55683374
0.97728705
0.9073078
0.96549135
0.9820508
0.77387017
0.9143551
0.97717106
0.9443029
0.9178492
0.92338854
0.7248179
0.39281195
0.89540976
0.99447215
0.8820173
0.18170497
0.0835209
0.9434493
0.71105194
0.9351637
0.88730276
0.7530473
0.95400935
0.9871623
0.97397906
0.9390459
0.93398786
0.98704785
0.20728718
0.6362718
0.32112166
0.81933266
0.97671074
0.9743541
0.4777929
0.40499485
0.49778447
0.9184039
0.93255746
0.98747057
0.720385
0.97409874
0.8570594
0.91902155
0.98948866
0.9425514
0.9540332
0.8486037
0.9550558
0.3299336
0.9708509
0.9778947
0.98055273
0.963684
0.72794455
0.2714271
0.91335744
0.96473056
0.25410548
0.8246677
0.95992684
0.9029441
0.95754635
0.16897142
0.5239554
0.85827017
0.7725471
0.50347227
0.9729971
0.8844774
0.77863765
0.9710361
0.8699717
0.76786935
0.7057451
0.5396464
0.8566591
0.9375233
0.9823315
0.9712266
0.8794535
0.94944483
0.70466906
0.99075913
0.9935108
0.20550649
0.9915159
0.58012944
0.9244392
0.98047596
0.9497214
0.8275905
0.7569378
0.97928363
0.82700497
0.8765197
0.9870242
0.9328263
0.7614082
0.47375813
0.9752163
0.9609228
0.9795576
0.89128286
0.98299026
0.95979476
0.8095714
0.84827214
0.95222145
0.19717307
0.9447773
0.93497354
0.34221134
0.6069118
0.9811897
0.74150765
0.99130476
0.89997244
0.98386616
0.765636
0.75948286
0.9168138
0.5532859
0.34047568
0.93494415
0.8636029
0.99280024
0.84344816
0.9963362
0.9736882
0.42647457
0.8236141
0.931384
0.9561293
0.9108772
0.98568535
0.9897968
0.6274488
0.9478723
0.09444406
0.9888747
0.98638827
0.86371136
0.86279404
0.98707134
0.3113103
0.9260841
0.98770124
0.9580231
0.26711047
0.8264714
0.80801094
0.6867313
0.95889443
0.56666064
0.9451105
0.9541097
0.81854403
0.18402468
0.9912538
0.9396644
0.9879112
0.8605365
0.98304695
0.90013176
0.84169865
0.9913503
0.4772942
0.18237361
0.9844871
0.98078245
0.8210199
0.94189614
0.98202896
0.9659967
0.91693926
0.9762883
0.8534218
0.87406963
0.6256736
0.6503465
0.95249814
0.65288913
0.22515711
0.99483204
0.93181443
0.96155655
0.9430619
0.7277908
0.86277974
0.90148044
0.7199993
0.8170904
0.8740957
0.9386087
0.53203243
0.6953858
0.96310997
0.7932077
0.7481329
0.9064969
0.8752571
0.8835281
0.8496735
0.9417989
0.9665632
0.5600348
0.9349796
0.7228163
0.9173385
0.60850024
0.8885884
0.89954233
0.7823815
0.9538412
0.8377389
0.76484483
0.95633173
0.74623924
0.7500035
0.8110197
0.9935875
0.9684903
0.79942894
0.9044534
0.98829776
0.967675
0.9834651
0.93200284
0.98028976
0.8549653
0.95922405
0.8974499
0.83080643
0.82091063
0.9936924
0.9703011
0.9287626
0.94578093
0.98950946
0.9811457
0.74339324
0.90470505
0.94509685
0.40939194
0.7243749
0.9254995
0.7581751
0.9680052
0.7697626
0.99316156
0.99459285
0.7098208
0.92837673
0.8773294
0.9453196
0.36380804
0.9401496
0.9622738
0.98426557
0.9618408
0.95971406
0.7865928
0.7433132
0.37013572
0.94264346
0.94996804
0.99321765
0.9801342
0.96932685
0.9237555
0.98144984
0.8888063
0.93169004
0.70296437
0.81864166
0.9888905
0.95511556
0.9794652
0.8745738
0.93481386
0.714204
0.928435
0.91733396
0.893612
0.9470069
0.6925334
0.96898335
0.8890552
0.9531416
0.8874412
0.9718803
0.83740765
0.0036292817
0.79921603
0.95144165
0.9662728
0.9785775
0.9524024
0.95098424
0.30115348
0.9879339
0.97792256
0.8879554
0.8423957
0.9492464
0.84553987
0.9367302
0.5404693
0.78376555
0.89458406
0.563358
0.7502497
0.8522189
0.82267696
0.982828
0.97835153
0.90610844
0.72394913
0.9905847
0.9856592
0.9090779
0.9743745
0.9750837
0.9866962
0.96428907
0.9613127
0.9712613
0.10173481
0.86068916
0.9472075
0.9307551
0.5601327
0.8149772
0.96889144
0.92833984
0.601104
0.98085016
0.79373497
0.99480826
0.93326974
0.96231824
0.9612117
0.9789918
0.99452716
0.7122134
0.44555002
0.97865844
0.8746689
0.76593065
0.97351915
0.957422
0.90470093
0.98760647
0.9821144
0.90506583
0.98524714
0.9464849
0.8710807
0.96576935
0.9076088
0.6117565
0.44397774
0.9825836
0.97290015
0.79685867
0.9431782
0.93910795
0.8540103
0.9193292
0.9079015
0.9813301
0.39866415
0.6012958
0.6861749
0.9879337
0.37708843
0.9877893
0.15647575
0.9371338
0.95269054
0.839695
0.9766848
0.91927785
0.965712
0.9610508
0.65519065
0.5514553
0.6229339
0.92094487
0.9807895
0.81883687
0.76222736
0.79001224
0.9221189
0.9562751
0.9828804
0.95046294
0.92797136
0.8030358
0.68071926
0.9499697
0.97532463
0.8153708
0.516577
0.9832991
0.91005474
0.9841669
0.35987237
0.99016273
0.62682796
0.8491073
0.968927
0.8841112
0.8010312
0.9881179
0.9361241
0.6322613
0.99035126
0.91880995
0.62396026
0.9567053
0.9837667
0.9748521
0.9619658
0.0572936
0.96182734
0.9139817
0.9228083
0.70845515
0.93801993
0.94059443
0.8689103
0.94254977
0.87959707
0.6341427
0.9716101
0.14240448
0.89915895
0.95279896
0.5441986
0.65602803
0.9546132
0.99056494
0.91646326
0.792165
0.99244326
0.8192518
0.99100643
0.99255836
0.69374675
0.81642693
0.966272
0.66627204
0.791025
0.963351
0.99032074
0.98409504
0.77005374
0.89322525
0.9699972
0.89520866
0.94826007
0.67884
0.9826734
0.92543304
0.98758554
0.79968566
0.9823437
0.98012
0.991629
0.6184166
0.98597604
0.7974322
0.8992644
0.7802634
0.95873564
0.9163412
0.8731892
0.9521597
0.8114591
0.4681288
0.9350339
0.94949317
0.6606941
0.9896152
0.9767337
0.58203125
0.91516894
0.9859264
0.117910914
0.79649925
0.9420498
0.98887455
0.5863045
0.9048573
0.94694006
0.9423898
0.82978123
0.98777837
0.91697776
0.96301734
0.92079
0.9695574
0.8293172
0.9688506
0.89173144
0.8566154
0.55896246
0.8595257
0.9276463
0.34402752
0.9861583
0.69724077
0.87045014
0.77907807
0.87403077
0.80173945
0.9458876
0.9321351
0.9814749
0.94888645
0.9502712
0.8167031
0.96852744
0.9091263
0.64089686
0.9800535
0.9764973
0.71962595
0.17841923
0.98657274
0.9093456
0.95537716
0.91524076
0.9778692
0.84165794
0.9676906
0.63047343
0.4961225
0.6735092
0.32459807
0.13998783
0.6775863
0.97176546
0.925599
0.9048274
0.96811825
0.8556172
0.94262177
0.97776854
0.92584985
0.97311336
0.6953792
0.98407704
0.9963251
0.85606426
0.8818323
0.9354738
0.9541337
0.970411
0.97878325
0.97358465
0.92474216
0.8141809
0.33358762
0.8948635
0.9872153
0.9833763
0.82417315
0.97056264
0.99154073
0.9927044
0.7556911
0.98079026
0.95011157
0.98226315
0.86742455
0.9909383
0.9888186
0.037886735
0.53537154
0.8420664
0.8876836
0.596461
0.93994796
0.9043131
0.6947204
0.87604696
0.92467797
0.98150533
0.98980755
0.85679287
0.8896624
0.98720443
0.94992185
0.9933791
0.7492652
0.9848358
0.97345126
0.96758187
0.9360802
0.25489885
0.79750776
0.8839696
0.9461699
0.056771077
0.9387808
0.41252407
0.9775785
0.9940101
0.8832287
0.9889192
0.9816181
0.9674509
0.9380044
0.5700983
0.8754632
0.35260403
0.8226348
0.8895988
0.5581087
0.9639451
0.084513
0.940871
0.8730618
0.889642
0.9409436
0.9934675
0.9869262
0.71014524
0.9659512
0.9133464
0.9856682
0.83353084
0.9611561
0.96569157
0.44488814
0.9796007
0.95313114
0.92613584
0.8684048
0.87428343
0.988036
0.7899453
0.9685468
0.6703832
0.96775424
0.9768747
0.96253806
0.797057
0.9120387
0.92218626
0.45478937
0.99186033
0.95753706
0.9832305
0.85178876
0.9783529
0.9723707
0.25994682
0.86018443
0.9796371
0.9323928
0.24168664
0.94492495
0.8921478
0.9439449
0.9317158
0.38810527
0.9871312
0.9457364
0.7261383
0.91188157
0.96918553
0.90654075
0.99269885
0.7629175
0.6050019
0.5398766
0.9587785
0.9785291
0.9763249
0.9232264
0.9539894
0.91982347
0.9698411
0.9263521
0.85418993
0.88764
0.8243717
0.96237767
0.9698139
0.98710877
0.7538694
0.46735942
0.23288156
0.70701844
0.25240803
0.84564847
0.8787847
0.34789002
0.95422584
0.9465591
0.7145806
0.4962753
0.9589087
0.9173551
0.9309962
0.94617844
0.9599205
0.97933173
0.97345
0.9668852
0.7907227
0.95949733
0.6455442
0.94064116
0.99547654
0.63594663
0.781981
0.7895683
0.9248878
0.91262996
0.16708992
0.9183301
0.55343103
0.9829012
0.9814761
0.9783
0.93108535
0.83936626
0.8561087
0.72633016
0.9925135
0.40524805
0.99479586
0.7668347
0.9514928
0.9466291
0.9664651
0.98356575
0.9695486
0.975426
0.9903026
0.98679024
0.95157874
0.8856352
0.95326334
0.80147994
0.9434626
0.98335546
0.7996123
0.95970166
0.23126774
0.5661511
0.9773582
0.93136674
0.93582875
0.97434014
0.9735478
0.981135
0.42094707
0.9504691
0.7212364
0.5231471
0.9702477
0.91140014
0.9610894
0.9157557
0.98938507
0.32500234
0.94586736
0.9833498
0.7445429
0.79850364
0.43843782
0.5189261
0.43982542
0.9533603
0.93108267
0.9269952
0.3897059
0.90949047
0.30005977
0.90066767
0.9732486
0.9902046
0.954601
0.961224
0.99259514
0.82771266
0.97108126
0.8584205
0.7321208
0.99097353
0.99548703
0.94720674
0.9644149
0.8308386
0.9443442
0.9797435
0.9515829
0.5275258
0.5015006
0.8786403
0.8523463
0.8987761
0.9573886
0.93548435
0.94639194
0.9632062
0.97377825
0.9892
0.8622222
0.9850145
0.9848637
0.18294701
0.84069926
0.9714257
0.987931
0.9788857
0.9255903
0.8803103
0.26644188
0.9838087
0.71807003
0.9607334
0.68171465
0.4528233
0.29732034
0.7611671
0.9679068
0.96255976
0.92990905
0.92587304
0.98409456
0.87642217
0.9877082
0.965711
0.9774187
0.9572535
0.12654428
0.46443662
0.98720944
0.96602184
0.98640907
0.97369754
0.92108595
0.55833524
0.90166146
0.937277
0.9833829
0.9653788
0.83736926
0.7419082
0.97717744
0.7899257
0.94982505
0.408134
0.7980606
0.93774897
0.81296563
0.85865694
0.8227285
0.53820217
0.7024436
0.9216572
0.9273734
0.97019243
0.993164
0.97673315
0.9706269
0.8469208
0.84044826
0.98975694
0.995589
0.83428556
0.9668405
0.8835719
0.8089729
0.984663
0.9855751
0.9861103
0.9793615
0.9817456
0.95001554
0.60989565
0.66242695
0.7509326
0.55764794
0.7767738
0.4563841
0.9905111
0.9876425
0.9919769
0.9565999
0.9517536
0.9759522
0.97953874
0.9776949
0.96809345
0.91093576
0.9172908
0.9291121
0.38961768
0.8752966
0.96807176
0.3408117
0.9352312
0.74142677
0.9766881
0.6658735
0.7721353
0.7814739
0.603093
0.9531981
0.87986296
0.97573245
0.29456183
0.9677711
0.963808
0.85485506
0.8708742
0.9132789
0.99487704
0.9264773
0.9806605
0.94671553
0.9833022
0.9856938
0.9886955
0.7981822
0.9771827
0.8549984
0.93616515
0.9813834
0.9445958
0.8537486
0.9623009
0.865275
0.9705103
0.9121451
0.9102514
0.9802918
0.7960568
0.6530664
0.97819626
0.98671806
0.9383689
0.8803795
0.8890057
0.9672984
0.98499185
0.9728934
0.9796887
0.9189264
0.3991717
0.8741508
0.9860698
0.95020884
0.5371557
0.8691391
0.8883689
0.95917183
0.675849
0.9684308
0.8439154
0.899762
0.86064684
0.77029204
0.93959445
0.90078133
0.97678727
0.9896485
0.9160552
0.98766625
0.59224963
0.7529141
0.97741526
0.88961303
0.73700446
0.81423
0.18370186
0.97673017
0.3709691
0.99134916
0.9545755
0.9746975
0.6669815
0.9736388
0.86469084
0.87826055
0.7624239
0.9508052
0.9705592
0.53227836
0.9866028
0.6767942
0.90010494
0.06570691
0.8226017
0.8864025
0.9667481
0.37259153
0.37550777
0.32815817
0.8551968
0.4240018
0.6659198
0.9668815
0.99174666
0.98661333
0.91079026
0.85913616
0.96329343
0.88266766
0.8754857
0.5659546
0.95917416
0.0064235483
0.9153734
0.9948512
0.98851925
0.9260365
0.63494617
0.49195707
0.9831618
0.9659257
0.94248635
0.5903246
0.7624682
0.82668024
0.98661786
0.4365497
0.98059744
0.91851115
0.697344
0.33091995
0.78802264
0.7581486
0.89513767
0.96843016
0.98176426
0.81687254
0.58150786
0.64203054
0.744094
0.98137707
0.9504556
0.4046659
0.91261375
0.9596081
0.9244277
0.8937284
0.27251086
0.9895719
0.96084255
0.79308695
0.78595155
0.9648855
0.82311904
0.703341
0.7669098
0.6054057
0.5657609
0.9407436
0.95438576
0.90774846
0.8949103
0.7244958
0.9853072
0.8703999
0.2631118
0.98800534
0.9365618
0.99105996
0.9671241
0.9854667
0.19774963
0.9668492
0.994856
0.9763155
0.6413606
0.99556655
0.94844276
0.7221039
0.96611863
0.9543597
0.7455936
0.9715735
0.7813399
0.8574031
0.981254
0.905306
0.98425746
0.8553787
0.85699254
0.958655
0.062315192
0.9618439
0.9940556
0.98608685
0.8776019
0.9736081
0.9312617
0.4527148
0.5435772
0.22898868
0.9797039
0.95848083
0.9797182
0.94686174
0.61635333
0.9108327
0.85476613
0.91814834
0.9157539
0.9774385
0.9378409
0.9854903
0.9681541
0.8487034
0.8647185
0.6723911
0.3965768
0.83579403
0.944394
0.9922667
0.9884121
0.7560533
0.96327734
0.7976746
0.9092186
0.8991996
0.44659388
0.9464408
0.917931
0.75382024
0.7590917
0.4931848
0.59431505
0.801814
0.6557218
0.103750356
0.9195855
0.81573415
0.9400727
0.9824316
0.9534181
0.8064937
0.84397054
0.9330592
0.9515207
0.9371126
0.93206096
0.09642335
0.94733083
0.87832594
0.4411355
0.46469587
0.9546938
0.9760869
0.90182185
0.70814914
0.9835924
0.9622028
0.98195857
0.9865176
0.23550251
0.19092332
0.6627637
0.9920969
0.84034824
0.92595786
0.43896514
0.7861539
0.98571974
0.9622167
0.7369697
0.773941
0.75682753
0.83637667
0.87579465
0.9700907
0.9899351
0.9251667
0.9819235
0.9965857
0.7485301
0.8389108
0.94377
0.91070783
0.9462413
0.9787066
0.9651791
0.12524368
0.8737599
0.8090741
0.97459465
0.9816312
0.91517365
0.9681997
0.68054265
0.98222834
0.63033664
0.9901946
0.7791118
0.97646403
0.8075899
0.9896333
0.6082492
0.98076206
0.28355217
0.7824088
0.99452174
0.7063763
0.9845295
0.9076645
0.9641613
0.94580066
0.57897025
0.90548396
0.9653496
0.7689101
0.87980187
0.9579376
0.9600541
0.9712657
0.95051515
0.8721438
0.95782024
0.96458566
0.79398614
0.81566364
0.99399453
0.87541014
0.3359845
0.56494826
0.86564124
0.5333395
0.7694025
0.94811857
0.9637379
0.9057472
0.9496386
0.986927
0.95796454
0.83334035
0.9346928
0.8153686
0.97002316
0.9273797
0.74297893
0.87500095
0.9717416
0.6685741
0.98983824
0.9878764
0.94407666
0.93542135
0.6485696
0.97038805
0.9523959
0.8307867
0.9570882
0.9636077
0.9703818
0.56663835
0.9396354
0.43850496
0.55922085
0.8278057
0.8364231
0.9236484
0.46693954
0.496664
0.9481371
0.9810792
0.9722385
0.9822703
0.6388545
0.872002
0.918663
0.96472687
0.86676687
0.7535075
0.86619836
0.95945084
0.83626103
0.99259925
0.7174839
0.90444785
0.966203
0.98978806
0.5494907
0.99132335
0.8620852
0.6080396
0.76625925
0.8818046
0.9774161
0.27184764
0.9667703
0.93702555
0.9516003
0.7976851
0.96492255
0.62440324
0.6947841
0.899765
0.23875594
0.99058783
0.9316596
0.21738046
0.9748104
0.41579852
0.36053497
0.9774784
0.2782545
0.19194281
0.9233782
0.9620724
0.95248413
0.97386724
0.9674538
0.90404314
0.00045521717
0.4247518
0.8049449
0.9282131
0.98381156
0.9892546
0.98769754
0.98409456
0.26112142
0.62013817
0.9014076
0.97602546
0.9646377
0.86412764
0.9310872
0.77339596
0.9227602
0.9789834
0.9396746
0.8757027
0.97577184
0.95389414
0.9402417
0.9278438
0.97128797
0.9596317
0.7846152
0.9553258
0.9378732
0.8400616
0.88216233
0.5358313
0.86727375
0.9900871
0.94944096
0.98683757
0.87026155
0.9841563
0.9893127
0.99145937
0.98021
0.9571748
0.95242196
0.8492745
0.9740059
0.9643903
0.38829648
0.27580664
0.98709226
0.74938303
0.7117525
0.96045077
0.5929112
0.9413017
0.9694416
0.930474
0.9750617
0.85938734
0.90551287
0.905006
0.83281773
0.928008
0.9782426
0.9930173
0.79608136
0.90334016
0.9669283
0.93356425
0.77754456
0.93621695
0.7169842
0.3844471
0.5272814
0.8911896
0.98705274
0.9918664
0.49663982
0.7246252
0.6512615
0.9698981
0.8808562
0.4038466
0.69226974
0.16201307
0.71583027
0.9611142
0.25512677
0.9245485
0.95711976
0.8771611
0.8807598
0.12787546
0.63037497
0.78238964
0.6629142
0.29524148
0.600575
0.5217786
0.98276603
0.9871093
0.8338167
0.9907408
0.979806
0.8865561
0.909622
0.9472452
0.96416956
0.98920035
0.90065897
0.97092795
0.71243376
0.9788102
0.98180366
0.9767345
0.9812604
0.92834705
0.9430363
0.97802645
0.98671186
0.97802246
0.93454725
0.9748756
0.7893649
0.64628786
0.98805517
0.90147275
0.95015675
0.93704575
0.95044667
0.9512551
0.9979309
0.84622675
0.8496224
0.8140851
0.98407364
0.9886452
0.9219975
0.78619075
0.9029502
0.97326815
0.7364564
0.96705574
0.97811604
0.9786113
0.89352304
0.96439224
0.9886429
0.96525174
0.9521063
0.9840019
0.9020135
0.98878443
0.71760696
0.5492215
0.97756344
0.75518465
0.87981826
0.88904935
0.98946804
0.9832412
0.98399115
0.94405174
0.26385257
0.8856896
0.9517447
0.669675
0.90010273
0.55967546
0.7068069
0.63697135
0.8769509
0.6617679
0.93622065
0.0067573832
0.81636345
0.78428257
0.9587406
0.68782127
0.8648135
0.992961
0.9618097
0.97567785
0.63077396
0.8889662
0.9915895
0.9885361
0.5680855
0.49961662
0.703772
0.6905175
0.6409333
0.9763331
0.5503415
0.71435505
0.98398584
0.9105881
0.5356422
0.8703394
0.9762739
0.5955178
0.9454876
0.98622406
0.16147596
0.93101615
0.79249233
0.8272903
0.9666519
0.9931524
0.9809496
0.7861107
0.99111813
0.8080914
0.9697697
0.66805947
0.9008359
0.3333764
0.99036473
0.003726209
0.86553913
0.9670874
0.9070546
0.27653766
0.9891537
0.00087336096
0.5018826
0.7437975
0.94344
0.76885134
0.7726851
0.9830641
0.98566854
0.98760843
0.9774785
0.9652406
0.98071724
0.8191683
0.77722955
0.9731504
0.8442964
0.9140747
0.91933084
0.95873487
0.7834283
0.9802814
0.9294943
0.8711536
0.9258175
0.8282521
0.65605277
0.98486507
0.9314354
0.9703944
0.5271849
0.55048484
0.66224384
0.9189707
0.9792939
0.99192727
0.9761899
0.9447652
0.97038907
0.9820208
0.9684387
0.9899595
0.772596
0.96545583
0.9159795
0.9333926
0.88439584
0.97263545
0.16099162
0.9731621
0.98619217
0.88148594
0.97795254
0.8760377
0.95038444
0.87513673
0.9398872
0.9882858
0.9832472
0.9377088
0.83704865
0.94444865
0.5882135
0.9146733
0.9723058
0.55115134
0.9853769
0.9251036
0.9763495
0.76942456
0.7847247
0.08403389
0.7473158
0.89795184
0.7714467
0.38944846
0.9681178
0.9862467
0.97633636
0.9189687
0.9698005
0.9568014
0.9673429
0.6234635
0.9319756
0.6155994
0.8281271
0.9809109
0.96885127
0.9035617
0.9918572
0.9114573
0.9889352
0.9858849
0.2588793
0.8972085
0.94188726
0.8375155
0.9800014
0.98135895
0.9683848
0.979626
0.9826372
0.45442963
0.47490555
0.94703084
0.99067444
0.71985453
0.97261274
0.9006269
0.97409385
0.9224078
0.5928027
0.85193694
0.42563114
0.93782926
0.9780853
0.8714396
0.7137003
0.9860945
0.9737467
0.7981136
0.9392295
0.69677234
0.9861463
0.9408294
0.85040206
0.90807164
0.96194494
0.3770575
0.97671574
0.52443653
0.95261127
0.9776368
0.93022037
0.3776062
0.95100385
0.9923915
0.9334999
0.773637
0.64701915
0.19056752
0.9588772
0.9795217
0.9802405
0.957911
0.9355477
0.43329874
0.8870552
0.68390363
0.9872594
0.75216204
0.96777254
0.9659314
0.77920127
0.7509328
0.9570483
0.8771121
0.8956898
0.98697484
0.64450055
0.7978574
0.9427282
0.9736061
0.97354376
0.6356722
0.9839113
0.8198323
0.9257006
0.9084584
0.58914554
0.9770851
0.9644872
0.9353835
0.9316908
0.96705294
0.9777452
0.99078196
0.9652914
0.8654769
0.54883224
0.908576
0.9026779
0.85966355
0.9186077
0.9571538
0.69708824
0.9673697
0.98703206
0.6144695
0.91389984
0.96957594
0.9439436
0.19760904
0.9646054
0.97021705
0.5945488
0.9326263
0.30360284
0.8268543
0.61659425
0.692426
0.94398737
0.8430241
0.9686735
0.8820454
0.3950339
0.9791868
0.98471916
0.7898263
0.56195855
0.9717434
0.67041934
0.8189535
0.68215126
0.66319
0.93433976
0.9868435
0.9873104
0.8013254
0.945181
0.89316505
0.9917788
0.9796133
0.96339536
0.9835137
0.852017
0.81777
0.9299793
0.89426917
0.8667032
0.99167705
0.89982396
0.9936326
0.9499977
0.77424365
0.9960821
0.9860787
0.9701607
0.56076497
0.88742906
0.08749375
0.9536624
0.789784
0.1485852
0.7073722
0.9937907
0.9691646
0.64916426
0.9584166
0.92204434
0.9290778
0.85244477
0.9723784
0.9420813
0.73337454
0.9721014
0.84288865
0.85138166
0.8752724
0.9841553
0.97781223
0.5222124
0.9604455
0.8275193
0.7571585
0.98710537
0.9775155
0.8185666
0.7710298
0.9563981
0.9863849
0.85302746
0.9461166
0.5993816
0.8059196
0.4909495
0.7604845
0.76478964
0.96596545
0.9897013
0.9738458
0.7342865
0.97945297
0.380699
0.96875113
0.8637336
0.96120036
0.4655198
0.92869
0.9763446
0.84700084
0.762004
0.7097941
0.98957354
0.9771089
0.9395538
0.96048146
0.96095824
0.8926359
0.891672
0.8330625
0.540472
0.89602447
0.99171257
0.96070457
0.98640764
0.85471976
0.91838765
0.9274468
0.9673223
0.9742119
0.9403712
0.98532987
0.9145659
0.008208082
0.9920805
0.54359907
0.9588875
0.9895719
0.9499438
0.869387
0.97769743
0.97217685
0.84659994
0.57185954
0.0018441562
0.23035602
0.9879749
0.962861
0.8994183
0.9528146
0.92345905
0.9180801
0.88048834
0.963506
0.9909146
0.8542634
0.75842893
0.74597067
0.80399305
0.81720704
0.9446989
0.92078376
0.9052976
0.95637685
0.7727437
0.96963567
0.9003164
0.98269063
0.96844953
0.43791917
0.60573506
0.8588755
0.83291453
0.52322096
0.96103716
0.832022
0.82280743
0.42611238
0.94031113
0.8870511
0.9864709
0.8393625
0.8653417
0.8784558
0.63633925
0.9664205
0.98413163
0.8454862
0.274577
0.80354476
0.96685076
0.5298915
0.9825807
0.95752877
0.8792056
0.96339715
0.6183623
0.9386382
0.9691849
0.74713266
0.9684028
0.97032386
0.88290256
0.9192907
0.8619617
0.83786285
0.9156028
0.76239306
0.9297139
0.9558286
0.95118934
0.990706
0.9172201
0.94795376
0.94120246
0.9727604
0.67411375
0.75740737
0.94805634
0.75599575
0.94254756
0.9839048
0.91063803
0.986743
0.8464728
0.8430697
0.9357631
0.9757001
0.9518424
0.8958806
0.88891923
0.96700627
0.9879815
0.9858117
0.9863653
0.9503756
0.917006
0.98449403
0.39173222
0.99719197
0.5036693
0.8682279
0.9282339
0.9348925
0.9515622
0.89279634
0.8137953
0.97637516
0.923033
0.9650434
0.9512893
0.9435801
0.77829427
0.9051164
0.90455383
0.34241477
0.66111374
0.99186325
0.9758926
0.9674402
0.5704216
0.97351664
0.9714868
0.9677527
0.98450655
0.9046877
0.98743045
0.8942257
0.5661717
0.88699555
0.5364794
0.9837863
0.65917516
0.003448689
0.97832644
0.7022123
0.98479337
0.71725994
0.7688504
0.9603139
0.9534949
0.9725117
0.89012146
0.9542191
0.9713946
0.052417587
0.989792
0.84664625
0.98033935
0.9766788
0.29738244
0.5586235
0.98755497
0.38914064
0.97845215
0.97422874
0.6491422
0.97083974
0.9634945
0.9082935
0.82263505
0.49382052
0.8905771
0.9755014
0.97883385
0.45172337
0.87338984
0.0028929668
0.98873097
0.9941907
0.97695947
0.824744
0.99079305
0.40538043
0.99696344
0.8296253
0.9266864
0.87536764
0.92132837
0.8473999
0.9706706
0.9416814
0.58712566
0.89771914
0.8199296
0.92523074
0.7743825
0.8150273
0.9442951
0.99306124
0.67640525
0.97882
0.99232507
0.9836187
0.41521168
0.919092
0.6883061
0.8492866
0.98487145
0.5372627
0.983648
0.38045645
0.993115
0.88125473
0.8153971
0.88944477
0.8311464
0.9287615
0.48253554
0.10063987
0.99220616
0.14173806
0.91478664
0.9728978
0.91427195
0.958457
0.99155563
0.9871294
0.92964953
0.38397777
0.40104404
0.9752789
0.74258286
0.056265548
0.975937
0.96231705
0.9705084
0.97468513
0.9543027
0.8523385
0.9783313
0.45796144
0.53863025
0.7120683
0.71370065
0.7148759
0.87484676
0.0417926
0.94894946
0.8152616
0.906578
0.0036998473
0.7736988
0.98968667
0.97343385
0.8917264
0.9839828
0.80991685
0.926901
0.9502955
0.23095156
0.7732366
0.84631574
0.88326854
0.9881208
0.80282855
0.55187744
0.9497424
0.9664056
0.9460011
0.9630569
0.8862171
0.8963635
0.9585539
0.98894113
0.52636504
0.5284944
0.9807997
0.18836074
0.9816352
0.7701254
0.8791004
0.80020523
0.9735782
0.13757336
0.99291754
0.75868785
0.9290676
0.66780674
0.9846793
0.9942002
0.4948187
0.7091442
0.2337794
0.8871252
0.9072276
0.39956316
0.99126947
0.9153573
0.9770926
0.8951675
0.9216647
0.67753804
0.9698943
0.91386807
0.9371203
0.8942073
0.6671447
0.67798084
0.98972404
0.9353205
0.42531928
0.99053967
0.8870276
0.99045557
0.9723556
0.9535673
0.55164576
0.9304104
0.92301077
0.8128922
0.71487087
0.9380779
0.904272
0.9855327
0.8986045
0.9865631
0.82883555
0.9933189
0.98779637
0.97393125
0.79155195
0.95794284
0.8478229
0.9926064
0.91255045
0.77955264
0.95108587
0.82868
0.3461459
0.93194246
0.9760813
0.0013104329
0.95112926
0.93455637
0.55838
0.95681393
0.89689654
0.9630273
0.95598567
0.50319135
0.93496644
0.9752892
0.86592585
0.94361615
0.96475375
0.9901141
0.9542778
0.0072234124
0.66999984
0.87217736
0.9442477
0.9306955
0.9699074
0.32915622
0.369661
0.9414074
0.9894132
0.99646676
0.9374505
0.941326
0.90458006
0.45240274
0.84998775
0.9821769
0.77592254
0.94419265
0.5650841
0.94871044
0.9925282
0.9417165
0.8423704
0.6734222
0.97801185
0.38839978
0.9866333
0.9683787
0.9899946
0.9366302
0.7401674
0.8408357
0.34763232
0.8380949
0.9839807
0.7687965
0.957628
0.9726513
0.962921
0.90238976
0.82292634
0.9646579
0.0019337632
0.9277773
0.9292537
0.20108508
0.13420637
0.98215014
0.7899572
0.9045425
0.97912484
0.98829556
0.98090094
0.9586355
0.9407832
0.9818236
0.9742803
0.9901596
0.73606557
0.89537394
0.8617455
0.97748524
0.90849614
0.97813725
0.7995353
0.9318027
0.9489208
0.9934097
0.98011404
0.97630674
0.9650016
0.984423
0.7500374
0.9710915
0.099965006
0.9871545
0.9886663
0.83269215
0.8114139
0.63569665
0.91080356
0.8630089
0.8207397
0.89942974
0.98784864
0.9820405
0.5969367
0.9844786
0.76822424
0.96740794
0.7362779
0.5825514
0.78259754
0.9455009
0.9383034
0.9574471
0.94689584
0.96898276
0.91517216
0.84509414
0.4598591
0.9226183
0.85549986
0.9688928
0.8728498
0.97998226
0.8729613
0.47876817
0.82165533
0.8823486
0.97334325
0.9658482
0.8648736
0.9634907
0.8362878
0.96910715
0.97256315
0.95845705
0.8934118
0.002359664
0.9775004
0.8646775
0.988847
0.80454564
0.6951145
0.5278322
0.92809755
0.98348594
0.5390024
0.8197144
0.98212504
0.9656045
0.8560988
0.9922937
0.98747474
0.97826904
0.7955462
0.8697899
0.95756364
0.94032
0.92980844
0.86389136
0.8583449
0.98059845
0.89604104
0.9623812
0.9837542
0.9479501
0.18856359
0.9864281
0.9749995
0.95715666
0.5897355
0.39246094
0.9946379
0.58219874
0.7533941
0.96430904
0.33964103
0.9742099
0.9072367
0.84118795
0.9762804
0.9349347
0.9716977
0.80449593
0.7609699
0.6903247
0.9778039
0.77252716
0.98476404
0.9738635
0.8198735
0.95641655
0.89435345
0.9629522
0.6639238
0.7389718
0.86590785
0.37036386
0.9652084
0.9852379
0.74250954
0.78893495
0.972995
0.7623945
0.96687317
0.78282785
0.87400764
0.9598765
0.9587789
0.97834754
0.74935365
0.93194973
0.8489505
0.6763946
0.9870746
0.76714444
0.90785635
0.9008517
0.9160184
0.955374
0.93589675
0.9853349
0.96370614
0.9881194
0.7592993
0.81951916
0.5251128
0.97029054
0.9022766
0.6244258
0.6437247
0.97119766
0.9109061
0.8116348
0.23326233
0.98456913
0.9533182
0.9307205
0.8127848
0.882728
0.98991513
0.98889905
0.9537717
0.9611204
0.9858155
0.98723465
0.0386787
0.9718214
0.9496243
0.9759176
0.9854779
0.70519763
0.77599484
0.7914507
0.35580873
0.95916677
0.96755993
0.96593684
0.7981588
0.9645688
0.8511675
0.86203486
0.98642147
0.9036495
0.43538994
0.9723779
0.9013554
0.90366817
0.9755157
0.98073876
0.94515425
0.8028593
0.48149085
0.9856872
0.7173582
0.099328026
0.96227175
0.9382837
0.68816227
0.8369717
0.91877973
0.8742355
0.9802331
0.98455274
0.26432553
0.88665414
0.90548074
0.9675028
0.94382095
0.9072258
0.9841945
0.9248426
0.9741571
0.8732964
0.9723922
0.8833888
0.97130495
0.93295616
0.74765986
0.909806
0.3477035
0.99633116
0.95473367
0.88491815
0.6555465
0.99086326
0.9889764
0.9876846
0.9895398
0.97788733
0.9496327
0.72043264
0.721191
0.5953775
0.80683047
0.96630234
0.71603227
0.93320024
0.3022681
0.7303615
0.9883624
0.9781351
0.9436523
0.9263585
0.9802931
0.7815195
0.96052855
0.93032885
0.62760496
0.162789
0.86787945
0.0033852546
0.95529795
0.7857327
0.758145
0.98248637
0.20952187
0.9889936
0.8174235
0.94444877
0.9283557
0.94285613
0.9323349
0.5486265
0.9717182
0.9489292
0.85518116
0.9138348
0.89989936
0.8218342
0.9643938
0.98933864
0.99056655
0.9447461
0.24667297
0.80705285
0.9807066
0.93992746
0.7952529
0.98607635
0.93213403
0.9884144
0.8656493
0.87081593
0.8962492
0.32495186
0.9615192
0.95783097
0.9677935
0.9796934
0.9220008
0.53983504
0.9400762
0.33211967
0.9560362
0.9817426
0.8531054
0.9750268
0.9687792
0.061965503
0.93242615
0.9653947
0.9353939
0.7550858
0.9303439
0.7246817
0.95566833
0.7863814
0.99055827
0.7892575
0.9931102
0.7263243
0.97453463
0.8501886
0.96327907
0.88752675
0.9587868
0.98421097
0.9499063
0.9607565
0.8960415
0.9755765
0.53406346
0.9124651
0.9954899
0.99249893
0.9165487
0.68181306
0.98994666
0.65848005
0.973969
0.93861777
0.972817
0.9158929
0.9822618
0.5187849
0.5611962
0.99039805
0.96507937
0.5731675
0.75714266
0.9116902
0.97470087
0.9249442
0.655235
0.9768694
0.9862045
0.94411564
0.9898459
0.93381023
0.767163
0.95683455
0.702659
0.983557
0.93315715
0.8959108
0.9020942
0.9637025
0.93759006
0.9567667
0.68714935
0.98554105
0.79388446
0.8952801
0.8844931
0.9218775
0.73653305
0.74814826
0.97962564
0.91218406
0.56798846
0.9387221
0.46956584
0.9463407
0.9807031
0.9775673
0.60995656
0.17622
0.8927826
0.6527226
0.98180044
0.9870882
0.8511017
0.92539984
0.9798147
0.97554874
0.9399841
0.9504098
0.9300841
0.88986945
0.7734781
0.9810739
0.98640686
0.8759302
0.9144371
0.8636673
0.27314115
0.9586813
0.97676283
0.9783377
0.96754843
0.8676481
0.91445
0.85918176
0.9741383
0.9715045
0.85305417
0.94439685
0.96683604
0.89081454
0.6817411
0.9581104
0.9658911
0.86877936
0.24971393
0.9814341
0.95020366
0.99616444
0.96269804
0.91099286
0.98594415
0.86282766
0.16540678
0.6842171
0.7817881
0.9852249
0.97552943
0.81827116
0.9685717
0.987576
0.99102306
0.98446137
0.94276893
0.41832057
0.97743475
0.9476073
0.9607436
0.9163316
0.8641727
0.85561645
0.7073658
0.6243829
0.9531378
0.96925384
0.97695565
0.9869211
0.98336625
0.9044925
0.8642951
0.91389894
0.9788936
0.817888
0.9401952
0.9587027
0.94480073
0.98692906
0.9127564
0.19963942
0.70209366
0.65837926
0.6149701
0.9529905
0.91819257
0.9730911
0.87837404
0.966275
0.30605194
0.9888454
0.97625107
0.93734866
0.818861
0.9959292
0.9876444
0.9940612
0.8924312
0.95754266
0.8970776
0.9173075
0.951866
0.91222316
0.82673526
0.8322031
0.9291418
0.82868725
0.45929003
0.009916114
0.9658843
0.98075885
0.8510302
0.8385913
0.95454735
0.6738848
0.9580586
0.9648516
0.9408338
0.59232306
0.94311625
0.9133112
0.75092334
0.99503565
0.88270754
0.8328172
0.42446145
0.6282665
0.5076524
0.8558163
0.9410132
0.95263535
0.7360392
0.98270917
0.107639685
0.7300042
0.97247183
0.98847955
0.98786604
0.97802234
0.9631855
0.9248948
0.9465707
0.8857603
0.32819712
0.8217197
0.8362166
0.23834287
0.9839648
0.92923874
0.99613816
0.9627058
0.85624963
0.6678674
0.7063914
0.96862656
0.85706085
0.10646226
0.84032995
0.42471462
0.9164176
0.9691279
0.9750318
0.828585
0.96008176
0.921082
0.89413744
0.9548604
0.9710349
0.9201159
0.69051236
0.93908226
0.96111643
0.96852076
0.4538597
0.93165046
0.97665805
0.9925459
0.9412026
0.6252794
0.9142598
0.7420935
0.9799208
0.93410796
0.98344016
0.96769506
0.9481934
0.34719527
0.64518255
0.911434
0.58468515
0.97760177
0.8043656
0.91602683
0.60089284
0.99222964
0.9563499
0.77579266
0.9882735
0.81421375
0.826284
0.9862599
0.8046775
0.45108613
0.8760745
0.93017876
0.6323573
0.627733
0.7998784
0.1219624
0.64695376
0.9918234
0.9822088
0.89197916
0.9517696
0.8546763
0.97919524
0.728658
0.89615417
0.9556469
0.81664187
0.58730614
0.8050383
0.991507
0.9234048
0.97757244
0.8332247
0.9895611
0.9198133
0.7952807
0.9810487
0.97900873
0.8962122
0.9838591
0.9324428
0.8227106
0.9843016
0.9780659
0.93444926
0.9121437
0.94652283
0.97472125
0.9769132
0.94728667
0.94073004
0.64166975
0.9675838
0.9364479
0.965565
0.8053369
0.74330956
0.96463937
0.19833381
0.6069727
0.987857
0.99023306
0.93491614
0.2541627
0.8179183
0.9713246
0.95634085
0.9552637
0.60192496
0.543183
0.9350932
0.980353
0.6750081
0.7315323
0.9943757
0.7335428
0.48065168
0.8786933
0.8657421
0.98960704
0.9736622
0.18003836
0.94776505
0.8861753
0.9492206
0.68063354
0.876058
0.35526487
0.97038525
0.7813513
0.7506481
0.994183
0.89488167
0.9921186
0.9848446
0.9106951
0.9746017
0.99307525
0.8646996
0.99370813
0.70980954
0.95002323
0.96036184
0.9733512
0.48097622
0.97350854
0.8663806
0.9733706
0.9579664
0.830607
0.9611388
0.29649913
0.9715556
0.92754936
0.5868448
0.9541556
0.9676504
0.9789596
0.97599596
0.92670196
0.49878713
0.99389243
0.98826027
0.93564826
0.92265344
0.93232423
0.81875986
0.9772569
0.5214446
0.9268322
0.98337674
0.9117722
0.93659264
0.95279974
0.96237046
0.9917854
0.86689746
0.98555815
0.87290436
0.93650657
0.6927265
0.9505605
0.9885018
0.78279376
0.9702355
0.70057815
0.9602134
0.9220732
0.73967797
0.84732723
0.97795755
0.38697264
0.82147664
0.95998025
0.026940195
0.9813297
0.8359087
0.9798749
0.9655911
0.92504644
0.9717419
0.93091065
0.9776854
0.980265
0.9178079
0.62385327
0.9474903
0.9876472
0.9219136
0.9875266
0.9618643
0.47685954
0.7922451
0.9889199
0.29620925
0.7976028
0.98164463
0.95715106
0.37891334
0.97056556
0.93297106
0.91463023
0.6317359
0.84030265
0.64519215
0.5065052
0.9879083
0.9864827
0.433865
0.92877436
0.9214269
0.5515292
0.772556
0.92136854
0.93367875
0.92192
0.98623323
0.48252338
0.9873533
0.93196636
0.93873024
0.97334474
0.882176
0.9916842
0.9309011
0.96658283
0.86685145
0.93419397
0.9530751
0.8439911
0.9868737
0.96386635
0.9634849
0.9802817
0.99280024
0.97516835
0.925034
0.9197184
0.9277019
0.9602385
0.91290855
0.99275726
0.95783556
0.2256559
0.4006285
0.98546326
0.97713554
0.9531846
0.9773342
0.7497706
0.7601862
0.9229386
0.9220859
0.9590714
0.9470578
0.82301545
0.9311276
0.9845138
0.9546601
0.9861968
0.8331478
0.98319364
0.6578785
0.91785616
0.9379121
0.9242159
0.96521443
0.7754142
0.9233879
0.9424009
0.9616431
0.9681354
0.98301977
0.9415644
0.9920305
0.53250027
0.90869766
0.10679987
0.8962907
0.95768565
0.97464174
0.7701182
0.98743176
0.9902784
0.98734415
0.39306667
0.795847
0.963048
0.32764378
0.9015131
0.7508687
0.9791165
0.5912496
0.9918013
0.983818
0.51026404
0.7828416
0.8843649
0.9745598
0.800718
0.9639602
0.95367044
0.83701676
0.9247544
0.92806923
0.9853441
0.9946143
0.93880105
0.97684115
0.9823638
0.49865407
0.7353656
0.38870293
0.87474376
0.98398745
0.9763035
0.884318
0.62717813
0.9933676
0.47612455
0.3351046
0.53212625
0.89380693
0.9755961
0.9860925
0.95204496
0.65240407
0.7681444
0.8655362
0.86631995
0.8734035
0.9797742
0.92813504
0.3752211
0.680352
0.94093853
0.9459621
0.97536546
0.99064386
0.9304033
0.49720216
0.92639935
0.97784024
0.9838455
0.96488833
0.6996406
0.7721488
0.97908086
0.9246787
0.9842718
0.8963657
0.91246
0.6498914
0.97988886
0.8137392
0.6979723
0.9790475
0.9840932
0.8532149
0.97337204
0.9613432
0.96133935
0.911023
0.72119474
0.9272955
0.9738367
0.95702684
0.81722707
0.9301067
0.9801498
0.94162524
0.9662262
0.70772314
0.41265038
0.85563624
0.9811918
0.9801705
0.84536076
0.9512399
0.5916654
0.44690982
0.9030538
0.9928301
0.3806425
0.8810614
0.61020947
0.5712226
0.96680087
0.808538
0.76503575
0.92484134
0.49447674
0.5185192
0.98695844
0.97549284
0.97011054
0.1626294
0.99127734
0.98907346
0.9647455
0.3847745
0.96088725
0.9865211
0.70056903
0.8710258
0.91969794
0.62613416
0.993294
0.75280875
0.984329
0.92784166
0.8329058
0.1436581
0.97529465
0.7900151
0.37018323
0.94041044
0.45419267
0.97319275
0.9652722
0.98376554
0.95933014
0.970827
0.9568526
0.99436235
0.99318016
0.9535194
0.8271336
0.98421836
0.8365505
0.90996045
0.9806491
0.986629
0.94440037
0.45672944
0.95460427
0.99035674
0.9736912
0.98500615
0.9483142
0.6753623
0.97448915
0.9712649
0.9876109
0.99114954
0.9131064
0.63723725
0.90661347
0.9427602
0.3909589
0.43387595
0.89935493
0.878719
0.96401954
0.9775744
0.98965186
0.9222559
0.79731053
0.98652387
0.99597377
0.3260587
0.9445821
0.9682257
0.77127606
0.94740427
0.90516514
0.9220302
0.8623099
0.9865725
0.98322177
0.6529651
0.91738915
0.82481176
0.92633224
0.31052548
0.99486095
0.97137296
0.97088134
0.9407942
0.96645254
0.27958596
0.91791725
0.6561378
0.8857764
0.8888699
0.96385086
0.045051325
0.86232626
0.95595455
0.8572702
0.8836384
0.76078624
0.94987893
0.9025861
0.9623699
0.82326293
0.1899202
0.98692304
0.8897389
0.88325244
0.5805917
0.984184
0.98057693
0.71226054
0.8418901
0.97559583
0.6269878
0.39367574
0.97664285
0.71427935
0.9910715
0.98622686
0.62852156
0.9269262
0.9480305
0.89743716
0.83569163
0.9827377
0.9750191
0.94330484
0.76684403
0.66138583
0.87969047
0.91406035
0.97670376
0.98605853
0.94241285
0.97799313
0.98680985
0.7119725
0.89797425
0.9944106
0.7708939
0.94188386
0.8379162
0.961516
0.9386987
0.91552925
0.6988248
0.96612096
0.95321983
0.9567321
0.67078876
0.36880383
0.9442122
0.96162236
0.9770512
0.9855275
0.91154504
0.8711212
0.957162
0.86909145
0.96319854
0.9690498
0.97553205
0.8895973
0.7106451
0.98315424
0.9500328
0.63074136
0.9485791
0.47537544
0.9425952
0.68763155
0.8903402
0.8197636
0.651702
0.40491524
0.9503575
0.99607915
0.97734696
0.9787935
0.41463044
0.754017
0.63341403
0.9406892
0.96255004
0.9239054
0.92655826
0.81433326
0.9524254
0.9197772
0.9086647
0.25002527
0.9847456
0.90710104
0.98512405
0.97381514
0.5650271
0.98394036
0.9729417
0.9863658
0.9876413
0.8217876
0.9077813
0.9440965
0.25624868
0.9775647
0.90613467
0.96207917
0.5167982
0.97332644
0.89785606
0.9891777
0.86381924
0.7963028
0.962984
0.9802878
0.9281832
0.9080969
0.9204648
0.8935487
0.92095196
0.36903512
0.844868
0.53473467
0.9218833
0.99579203
0.9206717
0.9916304
0.99032205
0.95704144
0.725143
0.7222572
0.9445371
0.9865556
0.96560174
0.90549296
0.791038
0.2218969
0.39586833
0.9858292
0.8796744
0.7469641
0.48757938
0.9861827
0.8486157
0.8951063
0.75751936
0.46134305
0.94221395
0.9520318
0.97470665
0.99378705
0.84564286
0.99158
0.9487768
0.81459165
0.9255965
0.9903943
0.92461944
0.94801366
0.51789576
0.85652727
0.73773164
0.9740967
0.9501276
0.9064771
0.98365015
0.84156114
0.44857925
0.94959766
0.79847443
0.97816944
0.9808255
0.8431099
0.92396337
0.9735382
0.8679386
0.9135722
0.98230225
0.4380079
0.9665868
0.9391373
0.97334504
0.9664107
0.96599436
0.9893707
0.7768811
0.923708
0.9902289
0.4143548
0.85619426
0.98819387
0.693806
0.9859271
0.95789176
0.97606033
0.7727425
0.7777411
0.95906264
0.800871
0.9836369
0.92889845
0.92466563
0.9696498
0.9662644
0.72847986
0.982566
0.2883485
0.942697
0.94157535
0.9430256
0.90718126
0.60333115
0.44122294
0.9702517
0.9464765
0.26812086
0.96158546
0.9588633
0.98607814
0.19941577
0.8692857
0.9627299
0.8797893
0.9428316
0.9127233
0.9058037
0.99338865
0.9774341
0.98513794
0.38543198
0.99193573
0.7993721
0.641534
0.9648726
0.595477
0.9622082
0.5307995
0.72648305
0.92845947
0.7409112
0.91442597
0.84826785
0.98898965
0.18744153
0.99386156
0.92322004
0.6505837
0.92965704
0.53426754
0.97421896
0.849678
0.51188
0.9956929
0.9656981
0.5759823
0.8893944
0.9522195
0.7290563
0.8478474
0.9382307
0.98045325
0.99347055
0.8770545
0.9816523
0.5882406
0.93668586
0.8917602
0.72504264
0.7974544
0.7025336
0.78836656
0.9000363
0.9775103
0.9008972
0.47374097
0.20386818
0.91828674
0.94654536
0.9274348
0.66510314
0.84061205
0.94567895
0.89783424
0.98241913
0.9457193
0.99115926
0.2353564
0.9178165
0.63055503
0.87835747
0.8901985
0.978822
0.98297805
0.17926
0.9694238
0.9745867
0.942735
0.8404242
0.31663188
0.9441524
0.9334528
0.67350376
0.8935579
0.44296026
0.84426934
0.89009184
0.98938215
0.6115861
0.63327175
0.9848417
0.8833782
0.70256966
0.98589665
0.98802376
0.8765714
0.7642093
0.9844751
0.9456396
0.97737336
0.6075436
0.8995684
0.8442595
0.7810298
0.8719906
0.8815706
0.7986839
0.9829181
0.9856148
0.6656729
0.97752917
0.6104024
0.9280192
0.2782446
0.38058457
0.95894265
0.013681336
0.8222388
0.77360094
0.94203776
0.88262534
0.9902768
0.8432617
0.9561334
0.748401
0.98414695
0.21906254
0.41184342
0.5713956
0.9320864
0.90347266
0.8907731
0.9814348
0.9535978
0.97299814
0.9782314
0.23440221
0.9344116
0.8565174
0.92009616
0.9893714
0.9386775
0.486849
0.9058075
0.079366885
0.9696218
0.95834243
0.9548943
0.7730634
0.9156991
0.9301033
0.41286835
0.95343757
0.31585225
0.9540076
0.7408685
0.9913127
0.7512019
0.6767989
0.97791296
0.9530861
0.9911141
0.99152386
0.8886965
0.90738076
0.947181
0.83565015
0.93568385
0.98951274
0.97369057
0.6773948
0.9295567
0.6020668
0.94920856
0.9769065
0.98350304
0.28586942
0.9631997
0.75732887
0.98252374
0.81933504
0.9354612
0.7466737
0.77135175
0.7112184
0.9726591
0.91232854
0.9325673
0.49314377
0.6110442
0.84806776
0.86962825
0.91974694
0.020616733
0.987823
0.96475285
0.9502955
0.9767899
0.86054075
0.8104152
0.9447355
0.8663084
0.43070266
0.9273905
0.98177147
0.7763814
0.95153826
0.8381851
0.9604186
0.951737
0.98811895
0.9920162
0.94463336
0.92837995
0.6164004
0.94905704
0.82981926
0.938442
0.8671172
0.9109785
0.6123621
0.93760943
0.985219
0.7520883
0.92815363
0.9818671
0.87985593
0.7355275
0.8728096
0.9314681
0.9542352
0.9731241
0.85346955
0.9951841
0.6749479
0.43968442
0.9613018
0.98485434
0.98361707
0.9855218
0.9863107
0.8545565
0.96765196
0.68704677
0.99221635
0.3194199
0.85375124
0.9844094
0.9921996
0.71475375
0.8498652
0.93948764
0.70753187
0.9421736
0.8460631
0.9895796
0.98936033
0.94528675
0.94802344
0.9402786
0.74623996
0.9606969
0.9214004
0.9282924
0.9725117
0.974108
0.92501026
0.9324279
0.8775425
0.97493297
0.7102235
0.7155762
0.92567605
0.95434177
0.8173441
0.94566655
0.51011145
0.99500644
0.5870101
0.9062593
0.9281224
0.96770465
0.91512096
0.92694557
0.74772507
0.9052053
0.99155617
0.6025694
0.422609
0.7087632
0.9679423
0.9481861
0.9822029
0.9580232
0.9858374
0.99149257
0.95157784
0.63395953
0.99392694
0.93582135
0.9907175
0.9656802
0.8937715
0.96423787
0.9258995
0.94757247
0.98003113
0.7596317
0.9905973
0.30289683
0.94797426
0.94121003
0.9625118
0.6973779
0.969792
0.96530473
0.7624832
0.9770388
0.6871672
0.9669685
0.62438524
0.91774815
0.9835195
0.577452
0.88993996
0.97706497
0.9713424
0.87574875
0.9278599
0.9103133
0.99173087
0.5388248
0.38017777
0.99250597
0.96682626
0.99364895
0.9811337
0.98708135
0.98011565
0.7316902
0.94225234
0.99453294
0.92779064
0.7421484
0.9326982
0.9255787
0.9849311
0.4890126
0.873694
0.96613544
0.8493757
0.952674
0.36737344
0.7992036
0.95403844
0.7290449
0.8602826
0.9155566
0.7604364
0.9297174
0.9225711
0.98336077
0.75044686
0.8876784
0.8167645
0.9240774
0.9943047
0.9900677
0.9118539
0.96971166
0.98493826
0.9861063
0.97032857
0.9651972
0.9976719
0.963537
0.9051791
0.6365951
0.98522514
0.9586742
0.03042366
0.9803494
0.9124212
0.8125274
0.6942254
0.9381778
0.8793208
0.926478
0.8536018
0.98904604
0.9559264
0.96663797
0.3637043
0.98572344
0.69016564
0.9428397
0.9754378
0.73203075
0.55558825
0.7089328
0.8952512
0.63807845
0.58351254
0.98461133
0.9622905
0.9860241
0.91010004
0.60338664
0.887953
0.9835617
0.91926074
0.98701954
0.97247475
0.96223235
0.3590978
0.7925645
0.9879274
0.96275806
0.97260916
0.902483
0.72678757
0.99318475
0.9866976
0.42977077
0.9846981
0.9898461
0.8921928
0.97392297
0.9308065
0.98319674
0.30956727
0.88389766
0.24294963
0.12062132
0.98525596
0.68056494
0.9052213
0.9628047
0.9313922
0.9001397
0.9870264
0.94507986
0.92553055
0.7612353
0.8712573
0.21027377
0.9009905
0.8791201
0.9353007
0.98665303
0.75002587
0.9849689
0.7322009
0.9650625
0.7520371
0.8338516
0.99190545
0.8192709
0.9433458
0.89887285
0.97214186
0.9573077
0.9024677
0.7958879
0.7579001
0.9166461
0.9864514
0.86835635
0.85422504
0.98825306
0.9240222
0.9265514
0.9647866
0.88232917
0.8103364
0.94118184
0.8949898
0.97810763
0.9918515
0.95968825
0.9300672
0.9857965
0.6466509
0.94845194
0.7034393
0.8307442
0.4410523
0.6966081
0.7638538
0.7824397
0.8789144
0.9612813
0.79401356
0.93605936
0.9863202
0.47279555
0.58167464
0.94418013
0.87325937
0.9479454
0.9890898
0.73658645
0.9316541
0.98055995
0.7679709
0.5701203
0.9246492
0.84884167
0.9464226
0.9708182
0.8902839
0.98750955
0.99145377
0.8168408
0.6992586
0.8495094
0.7666935
0.819898
0.97355485
0.41639873
0.9872782
0.7635593
0.96892345
0.5251999
0.97693914
0.4319352
0.92626166
0.97206205
0.75747925
0.97780365
0.96809083
0.9473194
0.83244777
0.6253922
0.9460952
0.92683524
0.97924095
0.7436081
0.8398626
0.9727859
0.98621666
0.7997834
0.98315895
0.97911984
0.93085515
0.98631036
0.40995622
0.9573536
0.1741248
0.5352362
0.27748457
0.9793021
0.88847613
0.9765197
0.85044575
0.7378853
0.9262938
0.9572685
0.97389233
0.8278786
0.9177737
0.9047597
0.98074496
0.8666193
0.6897178
0.89803356
0.012876082
0.8138649
0.70835155
0.8489511
0.7494043
0.04151403
0.9464322
0.9645435
0.9846941
0.97915685
0.99237376
0.9805444
0.75395083
0.6825348
0.962571
0.91634864
0.9673824
0.5470251
0.6959914
0.9894343
0.9913726
0.26691023
0.91331756
0.9721624
0.98725677
0.9255009
0.23689792
0.94796646
0.91813666
0.8946331
0.5267516
0.44162712
0.92116183
0.91667455
0.5565531
0.99109215
0.9549017
0.98116744
0.4518889
0.93040794
0.90254384
0.9824807
0.54856783
0.5384366
0.9648577
0.97097385
0.8494759
0.47502214
0.97074777
0.83698744
0.9001241
0.96375805
0.98673743
0.87508816
0.99199545
0.833855
0.5214931
0.9892975
0.8790757
0.9018788
0.98586845
0.96463877
0.9774325
0.38429496
0.7472864
0.981365
0.1832468
0.9891425
0.9360046
0.8371676
0.9271122
0.98158437
0.8984277
0.8040564
0.8868476
0.93716145
0.90273607
0.8495031
0.7242021
0.9335651
0.9539644
0.7028571
0.9161798
0.77069193
0.96751225
0.24276437
0.75613767
0.99305445
0.9811473
0.99075013
0.9144325
0.9551135
0.97522086
0.6436001
0.9617979
0.916896
0.95609146
0.80659026
0.93224984
0.8633288
0.29725912
0.93802536
0.9788027
0.9698061
0.98585725
0.99189717
0.94093335
0.55985403
0.73461246
0.8195614
0.33154958
0.3652137
0.9840709
0.96604294
0.859452
0.90020066
0.25093722
0.5087274
0.98514396
0.90766793
0.9904047
0.99467975
0.8541166
0.6403597
0.98481387
0.988062
0.8291946
0.7337951
0.7084633
0.9539717
0.9858876
0.31502312
0.98099154
0.5860971
0.9770305
0.9613452
0.94434786
0.78203416
0.47148594
0.87028587
0.9694028
0.90906703
0.54836786
0.88152874
0.99043113
0.925074
0.9755461
0.91512513
0.8403356
0.97576207
0.9715664
0.83607864
0.8828916
0.7306289
0.9658691
0.987035
0.81043345
0.9277411
0.99355316
0.42803833
0.87764215
0.89107436
0.9914397
0.6467536
0.9663245
0.99162924
0.8585667
0.95756364
0.60589546
0.6053847
0.9652259
0.98758715
0.9193247
0.68661076
0.9710603
0.82268393
0.9087939
0.98070574
0.6058317
0.86603796
0.93266433
0.7573993
0.84410614
0.9778877
0.93677306
0.9118166
0.42542326
0.9023715
0.8891266
0.9896696
0.91831344
0.8982226
0.81283396
0.75896627
0.8719267
0.9734066
0.9515185
0.8349822
0.78215474
0.94405127
0.96199447
0.17568097
0.18831979
0.96376085
0.9428719
0.9738756
0.96719927
0.81369
0.9666148
0.7677854
0.97506034
0.49935085
0.9759626
0.9514392
0.98186
0.9857167
0.9780938
0.5897891
0.82232976
0.76301664
0.827208
0.050943654
0.8874024
0.8375001
0.8247347
0.7562728
0.64404494
0.99089605
0.98991853
0.94312465
0.9788422
0.9791069
0.2880024
0.9743395
0.8769838
0.7166786
0.90358555
0.9772677
0.72918993
0.49488425
0.97360784
0.83183676
0.90830547
0.8946037
0.9869868
0.79696804
0.78817517
0.8632636
0.8142635
0.8836556
0.9751965
0.9595767
0.81329167
0.22625878
0.896797
0.98839104
0.9537946
0.9727222
0.92240393
0.9810059
0.9103659
0.93477255
0.8676387
0.95497495
0.7639689
0.53113776
0.99614066
0.93465686
0.9167961
0.9528784
0.951061
0.7830856
0.9523542
0.6420254
0.61276907
0.22058578
0.97152454
0.96787965
0.9859388
0.87983805
0.98872197
0.98125607
0.9734467
0.44755283
0.76537985
0.9712587
0.8919011
0.9844178
0.9715902
0.94982827
0.8529637
0.9627757
0.8386441
0.97442836
0.98273844
0.82565516
0.74471664
0.9213307
0.96985054
0.9692439
0.9079882
0.5097495
0.28585947
0.8584342
0.7380359
0.85826504
0.9002961
0.9731713
0.9254904
0.9737999
0.93829566
0.9052638
0.9841182
0.9666273
0.99352723
0.935663
0.9816081
0.99537426
0.9858978
0.89791685
0.7920647
0.6766734
0.9054264
0.95152014
0.96162945
0.85973305
0.7291379
0.97031355
0.24302651
0.3033769
0.9852228
0.8888678
0.86074394
0.88535076
0.96038777
0.8223522
0.9317681
0.91172314
0.9837825
0.9828562
0.65519106
0.4459039
0.7956172
0.89198774
0.969517
0.9599471
0.8848098
0.9891769
0.9758042
0.95208955
0.7843507
0.9897849
0.95541906
0.97622037
0.28581557
0.5314363
0.9705368
0.9168042
0.988727
0.99162114
0.9630126
0.9623006
0.9829457
0.07634545
0.8679242
0.9273692
0.98346394
0.98742104
0.98760635
0.95683324
0.9891984
0.66282403
0.9050922
0.9851323
0.93700683
0.8831055
0.95786333
0.95468795
0.69808304
0.63681585
0.9936686
0.9485818
0.98521984
0.85669994
0.83704436
0.9187095
0.9894075
0.02844444
0.93663365
0.7385539
0.9597554
0.61445487
0.830828
0.44060823
0.9916311
0.8459668
0.9753111
0.94151354
0.98576343
0.92552656
0.7056971
0.92249197
0.5674635
0.9447238
0.97365946
0.99357647
0.9476608
0.6299086
0.9201104
0.8433612
0.10534056
0.98548245
0.17774601
0.81000113
0.9027922
0.9445094
0.91648614
0.32588887
0.94508016
0.8528861
0.93541646
0.9635465
0.92235345
0.8806967
0.9628902
0.8958283
0.9845813
0.9392567
0.90510505
0.904477
0.90136176
0.92860365
0.9477061
0.6873109
0.9394467
0.9867921
0.005690389
0.717812
0.86792916
0.8536362
0.5267728
0.9287665
0.985152
0.990849
0.5871288
0.9597313
0.40677932
0.83687663
0.8762136
0.91427493
0.9699183
0.9168807
0.501789
0.9364306
0.86437696
0.5961389
0.97988087
0.9366492
0.97740185
0.9861438
0.601519
0.99037606
0.989617
0.991343
0.9916786
0.8691524
0.9929876
0.8941852
0.9240262
0.99099696
0.8982639
0.89015114
0.68510616
0.9883598
0.7417411
0.7742095
0.36240187
0.9447321
0.9141636
0.9448133
0.3451528
0.9632228
0.99332666
0.9933349
0.9120237
0.92746294
0.51038444
0.7284017
0.97944826
0.96461195
0.8525099
0.97692865
0.91797805
0.9004773
0.9541983
0.9829847
0.92354465
0.6785593
0.9219406
0.95654076
0.98939717
0.84437394
0.9361303
0.9495162
0.83821297
0.53916526
0.9739276
0.946971
0.76469004
0.8746194
0.98354834
0.87777376
0.42284638
0.97144383
0.9836525
0.8736667
0.96755636
0.9687046
0.8832691
0.80756116
0.62613356
0.9540903
0.7744907
0.9901404
0.99138874
0.13163374
0.96716046
0.9808147
0.9319727
0.95610327
0.9644599
0.9891621
0.68686557
0.6375447
0.9575863
0.9367782
0.99308056
0.9757877
0.98035324
0.9880705
0.5801548
0.8115577
0.9770957
0.22442088
0.3571362
0.77483195
0.78701997
0.9752099
0.8577785
0.9535717
0.9657697
0.6008762
0.97655106
0.4056408
0.66039497
0.8690713
0.8778015
0.97935414
0.96593297
0.96989924
0.9326033
0.10884339
0.7440457
0.08173949
0.8416631
0.7906199
0.82312363
0.7481667
0.9780676
0.9379722
0.9769654
0.97743535
0.98100257
0.9658117
0.5149843
0.9445034
0.95554084
0.9712842
0.9439501
0.39016172
0.9674022
0.8705476
0.817274
0.9221547
0.90104544
0.87803173
0.95602185
0.80979013
0.85466516
0.6300878
0.9447305
0.74538857
0.9193675
0.98657787
0.96487916
0.9237242
0.97883934
0.85139245
0.99037
0.9458814
0.73173994
0.7072414
0.95745337
0.8723081
0.9514423
0.30565867
0.92099047
0.9050249
0.9930918
0.26987484
0.9855563
0.6984394
0.7799373
0.9010271
0.7751498
0.8953383
0.9571686
0.95968
0.7005897
0.9772993
0.7880796
0.5550586
0.9298776
0.98083085
0.7560013
0.9514267
0.6640701
0.119411185
0.87541646
0.96399295
0.63542706
0.9470991
0.7979663
0.9601984
0.9555661
0.2776101
0.89667106
0.9094495
0.5344059
0.91504526
0.8178646
0.96140337
0.90804416
0.96536624
0.5208477
0.8081363
0.54833114
0.902908
0.94616765
0.7746761
0.7189944
0.95627743
0.9318125
0.915369
0.9580594
0.9331964
0.91247845
0.36545658
0.92385876
0.893696
0.8813779
0.6667463
0.8973305
0.9652263
0.9906969
0.9725822
0.5918619
0.94736207
0.9888503
0.8073124
0.8762251
0.9396258
0.9724912
0.98023707
0.98319215
0.9605068
0.98140657
0.8744217
0.76662
0.9883676
0.9663729
0.3436159
0.99321955
0.93157774
0.95355874
0.97133416
0.92819834
0.94854367
0.9722645
0.98718727
0.9841577
0.9329193
0.95511806
0.94440323
0.9523076
0.80897087
0.9646385
0.9797981
0.1982631
0.9273069
0.09594853
0.8897357
0.16293654
0.91830665
0.35281286
0.6885292
0.37555182
0.95312786
0.77788943
0.9596
0.46165624
0.65548813
0.9882598
0.96808404
0.97825634
0.899768
0.96551615
0.9520313
0.8217672
0.92675877
0.8661079
0.7658672
0.82677853
0.5987028
0.5689196
0.97326624
0.9246591
0.7559493
0.95115596
0.7223941
0.6101714
0.79370046
0.33179784
0.9290369
0.9549505
0.92948604
0.9828704
0.91630286
0.98048353
0.9868917
0.9779946
0.42583114
0.96050423
0.69091403
0.98475325
0.9159497
0.97559357
0.66652364
0.95308983
0.9293446
0.98180735
0.9611598
0.980699
0.94123644
0.22344562
0.98566645
0.96105635
0.9621112
0.7612402
0.9565384
0.96613777
0.98938483
0.89088076
0.96148634
0.94959164
0.8175479
0.99046385
0.84486747
0.9177489
0.8853059
0.904853
0.98581856
0.89283586
0.85921353
0.94766986
0.90842766
0.9373289
0.9130885
0.9731727
0.8969661
0.020566005
0.8416884
0.989739
0.840153
0.4725805
0.9478287
0.7795087
0.43442628
0.51225954
0.976138
0.96987253
0.9862006
0.6996617
0.90465003
0.97589797
0.96999085
0.9331809
0.9904841
0.8903623
0.70954067
0.95271283
0.98456025
0.9863007
0.9604254
0.59103113
0.5998341
0.9158419
0.9507968
0.64083916
0.954151
0.9877065
0.83441925
0.39345405
0.93968046
0.59013015
0.71588725
0.43542087
0.68821704
0.9734101
0.9616507
0.67971843
0.51850295
0.4273997
0.98943555
0.89978504
0.5917534
0.6813946
0.9479827
0.94204783
0.8936782
0.9871889
0.8068352
0.018010162
0.9835616
0.69415176
0.8617592
0.9040309
0.3209007
0.9413742
0.97404045
0.95140034
0.95579374
0.97371465
0.8890759
0.9454891
0.84308594
0.90793014
0.87153417
0.95169616
0.9931212
0.9460619
0.9325569
0.9210358
0.65624017
0.8916162
0.98386693
0.9510424
0.6420326
0.97967076
0.96024996
0.54382694
0.9828112
0.87202674
0.92716736
0.7953889
0.97711736
0.95310825
0.9834473
0.9867753
0.95801795
0.9693932
0.7279043
0.7952799
0.9176072
0.9000659
0.9635934
0.9900305
0.8024617
0.98280805
0.8256491
0.96614254
0.6901183
0.9024851
0.9164561
0.8875615
0.93680966
0.79608506
0.9038893
0.45957118
0.8464939
0.9047676
0.80357194
0.8087016
0.9823072
0.9521207
0.9404576
0.85263425
0.609929
0.9742138
0.8707871
0.75323963
0.72027004
0.72460043
0.9361266
0.97405475
0.96237767
0.92733943
0.7061766
0.9798846
0.8722516
0.89453346
0.734032
0.84653264
0.6865086
0.8703085
0.95740396
0.98824847
0.8992927
0.9875531
0.9757766
0.96406686
0.92466825
0.94698864
0.8941872
0.97078717
0.8659228
0.95995766
0.9007565
0.90915966
0.8473758
0.98938584
0.80808514
0.26117092
0.9705277
0.84705496
0.13146065
0.5847495
0.85957307
0.9422496
0.9207046
0.53253895
0.9920167
0.9800933
0.56512743
0.9770677
0.6177307
0.9918882
0.66717184
0.9659493
0.97121453
0.82788473
0.58747923
0.9878314
0.9625299
0.5594066
0.9235643
0.87645155
0.75598055
0.96093976
0.9250074
0.9691868
0.6091081
0.5185194
0.9930743
0.97382057
0.9204224
0.8488074
0.97875994
0.48998478
0.9765069
0.9764534
0.8623707
0.57776684
0.50422454
0.9907707
0.9586031
0.81020916
0.2485133
0.44671348
0.34210575
0.59845763
0.8838158
0.64465386
0.60413957
0.76034886
0.79359293
0.92893475
0.96320146
0.92941624
0.95239645
0.9558994
0.98520815
0.96385443
0.9399508
0.8491734
0.83036333
0.98337215
0.6593469
0.9113311
0.97764426
0.8243838
0.94097733
0.9950518
0.82283735
0.8552098
0.49208707
0.9756236
0.99055
0.91096604
0.96386606
0.68207765
0.7335998
0.8011877
0.95904464
0.6706545
0.95631915
0.97191644
0.97199327
0.9541761
0.99205774
0.97948486
0.873567
0.9687273
0.98436975
0.9899422
0.100007266
0.911005
0.9631319
0.96866846
0.9786339
0.6199202
0.9517019
0.4618055
0.7345679
0.9389243
0.9047952
0.98222405
0.57163316
0.9481531
0.677449
0.8296043
0.8451411
0.58859926
0.9401167
0.8899125
0.9530655
0.99066204
0.96779007
0.8700242
0.9655943
0.9297809
0.8006385
0.7894846
0.8177808
0.9436946
0.98782235
0.9365717
0.90393317
0.8056479
0.992964
0.9438237
0.8389454
0.8552489
0.7087023
0.8245515
0.48404062
0.880682
0.9811582
0.7632868
0.94400334
0.8557631
0.9905523
0.9688247
0.61756355
0.9091286
0.80656064
0.8954693
0.68731624
0.9873834
0.56569535
0.9481985
0.30456978
0.8752662
0.9926668
0.9947119
0.955597
0.9662981
0.9913257
0.83113587
0.95047057
0.5349843
0.9279669
0.101419844
0.37164488
0.9129664
0.98830533
0.71157926
0.9268626
0.8343339
0.9899955
0.9938731
0.7779485
0.9875901
0.99313265
0.9861637
0.93261844
0.97834283
0.9642896
0.97502965
0.98597044
0.91042644
0.95405763
0.8404481
0.58001477
0.9517519
0.8930842
0.92817384
0.89665365
0.96625763
0.883205
0.92284477
0.9795502
0.8568082
0.9416591
0.9136018
0.96390545
0.9703765
0.9537422
0.97565573
0.87619925
0.98841476
0.98673695
0.92297703
0.88415325
0.9636137
0.93355894
0.90547675
0.9665373
0.948711
0.9012362
0.6238188
0.9836767
0.8701773
0.981181
0.91348416
0.9684056
0.8108004
0.93985015
0.9482068
0.9369441
0.9676377
0.03422743
0.905699
0.21111447
0.49847308
0.975628
0.77792376
0.59398264
0.9458652
0.9631847
0.50669557
0.5829846
0.8984531
0.95752823
0.4257309
0.8551493
0.20577963
0.8842017
0.9482515
0.95141697
0.7772189
0.98868144
0.25778288
0.2309534
0.7641002
0.98115104
0.9485375
0.97928464
0.58900756
0.97042817
0.9355437
0.72424924
0.91261345
0.99078536
0.5547593
0.8098645
0.6781589
0.94625217
0.8476435
0.9265133
0.49066082
0.98156136
0.9263037
0.86719215
0.88658476
0.45346788
0.4147279
0.97048587
0.9341501
0.9401872
0.40369844
0.8304363
0.96442443
0.91099393
0.95681065
0.9851444
0.99112415
0.96377957
0.8754213
0.95796674
0.9486951
0.9217293
0.8687972
0.94738317
0.92950976
0.96239793
0.96374613
0.47768527
0.6893894
0.9025932
0.97845626
0.9828607
0.80404013
0.4862578
0.8456125
0.98216945
0.9548856
0.73970926
0.9833883
0.97994286
0.90594375
0.75577337
0.9379294
0.9163737
0.42042294
0.84309083
0.93597096
0.8976687
0.80790454
0.95265377
0.9536105
0.8904794
0.93123543
0.90108126
0.7417934
0.95102465
0.9470794
0.5404436
0.9295416
0.8117294
0.79091066
0.9062346
0.94702125
0.9704544
0.6936418
0.96225023
0.9696304
0.98768824
0.9795411
0.988219
0.781088
0.47822183
0.7006
0.7660741
0.96894807
0.79626435
0.81670517
0.9052754
0.89392376
0.7557426
0.88808906
0.93806493
0.94386184
0.85527307
0.7709491
0.9474137
0.9665189
0.76640075
0.92393506
0.9817763
0.9681873
0.78456736
0.930195
0.9827481
0.98157907
0.6897453
0.9877158
0.75093853
0.9735528
0.98593813
0.26656404
0.44330484
0.97952753
0.88572776
0.6701129
0.260896
0.6604752
0.8124788
0.9816758
0.6172713
0.99149066
0.9214745
0.5699428
0.75878143
0.98420113
0.75770855
0.9665794
0.98334897
0.64912057
0.8538224
0.9886424
0.9966995
0.32477456
0.72121876
0.7110603
0.8769838
0.9590842
0.9478352
0.9944635
0.52855664
0.9937782
0.9814285
0.6510182
0.29883397
0.9842353
0.9499266
0.7993491
0.033181008
0.6373186
0.36021104
0.9728853
0.94638264
0.9792772
0.94930524
0.9846793
0.3092701
0.98600984
0.99121934
0.9113176
0.71130997
0.960795
0.99404
0.54741204
0.9348423
0.50805163
0.98406005
0.9854854
0.97670513
0.35447267
0.988545
0.97626376
0.9192041
0.9901929
0.66267323
0.990754
0.9340055
0.8005827
0.599928
0.8544099
0.8565306
0.9259664
0.9877286
0.88771117
0.8362655
0.6195995
0.99175465
0.46481895
0.9535191
0.9804503
0.9419703
0.9590111
0.8263218
0.92400354
0.98060066
0.9404653
0.44465053
0.9781847
0.9615528
0.92763317
0.98006296
0.7647232
0.89923537
0.94912726
0.70157486
0.8907397
0.9658013
0.740894
0.9456487
0.93358284
0.96278995
0.9912983
0.98936635
0.92687154
0.6401565
0.9751786
0.9320627
0.89776516
0.9822006
0.9503663
0.099608585
0.7194054
0.51666856
0.91392124
0.88352877
0.9131585
0.97717404
0.95557255
0.99722505
0.56498617
0.86094993
0.33445635
0.81459576
0.9722268
0.59086406
0.85827315
0.83780664
0.98451936
0.79812294
0.9927377
0.7928284
0.6024259
0.91567117
0.9078797
0.61243194
0.9113538
0.8982289
0.8833956
0.975245
0.8333172
0.98472023
0.97637594
0.002568382
0.9691766
0.90764517
0.9567862
0.9671631
0.4603455
0.9390982
0.8826309
0.730248
0.9486257
0.9824164
0.9449091
0.86879736
0.97937953
0.9654366
0.8733129
0.9723006
0.9385868
0.9397562
0.0010855136
0.984142
0.8073903
0.6411725
0.93913496
0.9170548
0.19284944
0.6260744
0.9761978
0.9791596
0.8043496
0.8721996
0.94735867
0.95115155
0.7525117
0.80457807
0.88068146
0.95414865
0.91666955
0.98520535
0.77101153
0.90118223
0.97698283
0.9618259
0.78609353
0.8899872
0.72068614
0.84838355
0.9495225
0.25212964
0.15951207
0.34863618
0.9899524
0.96825814
0.8705523
0.8408092
0.9879376
0.95496124
0.72601527
0.9070345
0.81004506
0.98728764
0.94317883
0.9905579
0.7176471
0.58849204
0.92628926
0.96989214
0.972648
0.92732745
0.85062134
0.96179473
0.86249477
0.860814
0.676453
0.87991816
0.967315
0.76862615
0.34155875
0.991655
0.94690335
0.66140765
0.61317474
0.6066966
0.9234853
0.68304724
0.56419265
0.5426355
0.9747465
0.95188624
0.804479
0.9862192
0.7919228
0.9287703
0.74249226
0.7403957
0.87735665
0.7506214
0.9873707
0.88995177
0.9796465
0.6742763
0.9319794
0.8838687
0.8950647
0.6066645
0.972023
0.98208445
0.9331724
0.864607
0.9918624
0.97943544
0.6480264
0.09206057
0.9863934
0.7977277
0.80636156
0.8741929
0.98938936
0.80746496
0.8972763
0.98357016
0.96958923
0.43701866
0.9751567
0.98708737
0.9963147
0.87581354
0.9410766
0.97950613
0.95064956
0.82420594
0.6524038
0.96504766
0.93825763
0.9694337
0.9816218
0.9719278
0.9932979
0.8417041
0.855254
0.9608156
0.92444426
0.9882781
0.9190064
0.5349708
0.97260755
0.33752534
0.886212
0.7614471
0.9843925
0.8596882
0.98970526
0.55136275
0.70782596
0.8954986
0.7767145
0.98227453
0.9149212
0.8029541
0.9872422
0.83985066
0.9920288
0.95800173
0.4438718
0.99536777
0.58774376
0.8327471
0.9608276
0.9569577
0.99090517
0.9708818
0.984565
0.86547464
0.97135675
0.7018667
0.9590688
0.96996003
0.9432915
0.9023473
0.9799382
0.93414706
0.9711406
0.91736746
0.81529343
0.8343181
0.4692213
0.9655288
0.9032379
0.7452369
0.71887326
0.90089303
0.9717039
0.9626385
0.90904784
0.51585144
0.8797941
0.9381857
0.8009035
0.8793799
0.6875162
0.9476657
0.9768783
0.90201086
0.93904054
0.9827549
0.9367078
0.8809728
0.8091927
0.94228274
0.9921191
0.9755452
0.92646563
0.29247484
0.57421005
0.9888833
0.88343245
0.9655709
0.99202126
0.8266909
0.9861193
0.59803575
0.783077
0.95304114
0.9554478
0.8536003
0.9640519
0.9628942
0.98966086
0.97659165
0.9460009
0.97503996
0.93880874
0.8753546
0.8481668
0.84688663
0.9925311
0.82837164
0.98227376
0.7791522
0.85159856
0.7815265
0.7500153
0.68602747
0.9694661
0.9960219
0.981797
0.95270884
0.2550146
0.8927052
0.9748496
0.7636042
0.6833967
0.8552878
0.87272435
0.9437367
0.9423538
0.9809585
0.6754625
0.87523824
0.94401556
0.99067396
0.92733556
0.9129287
0.8427865
0.83214134
0.97397137
0.9776921
0.4570012
0.9693693
0.9589507
0.9743491
0.9250527
0.994001
0.746662
0.8264306
0.9755381
0.9913892
0.8916325
0.89662355
0.8979113
0.55214286
0.35056433
0.7674951
0.9956345
0.95418394
0.69902295
0.81427133
0.6617535
0.8610209
0.8729074
0.982724
0.91047
0.98994166
0.95327723
0.955296
0.96229416
0.9893562
0.69319034
0.7958497
0.96965617
0.8551244
0.9209543
0.88218266
0.77717876
0.9653186
0.04540795
0.8270062
0.91911113
0.9861596
0.85170704
0.8454504
0.9864266
0.9751696
0.6893035
0.78020424
0.4974502
0.68692684
0.92818344
0.9621559
0.7959024
0.4188841
0.8822025
0.9792109
0.4092773
0.8243535
0.4091177
0.30867144
0.9898144
0.8640197
0.86323065
0.9064401
0.77446485
0.37487856
0.94460475
0.9563496
0.9355416
0.6386256
0.94036174
0.95399994
0.5311956
0.99203074
0.95644563
0.8940595
0.6135097
0.7921372
0.9807915
0.35356814
0.9665459
0.9426864
0.9871328
0.9843717
0.9306438
0.5806142
0.9347757
0.97774553
0.24899182
0.95376325
0.7553511
0.79133266
0.130113
0.9913958
0.919272
0.9003723
0.98049253
0.95525366
0.9574926
0.8683797
0.8669939
0.5516969
0.83299303
0.91473436
0.9225658
0.92319816
0.9021137
0.8911481
0.42344686
0.715769
0.9739329
0.91993153
0.93455505
0.8707178
0.981779
0.8408604
0.85801136
0.9060647
0.98213094
0.080097705
0.9889159
0.97258717
0.93988025
0.3998896
0.72536534
0.8214408
0.9659284
0.94509315
0.9015216
0.91324526
0.92676586
0.99333715
0.87110466
0.30425304
0.6985625
0.8498683
0.93457115
0.60348165
0.99167424
0.9720142
0.43041855
0.93671584
0.9353853
0.8624431
0.3868846
0.9843634
0.9418201
0.88306344
0.99356693
0.49993986
0.9413757
0.8674094
0.20488828
0.748061
0.89294696
0.93158066
0.9742062
0.99042016
0.9367192
0.9746489
0.9919137
0.89217126
0.6384145
0.9486152
0.9811335
0.9896276
0.2741279
0.9597113
0.9753465
0.16642861
0.8756821
0.92767185
0.96457535
0.43566185
0.992808
0.57963675
0.9915617
0.9615285
0.7237548
0.9871156
0.9933187
0.93146926
0.74286896
0.49739993
0.97801983
0.9826194
0.9633137
0.99366826
0.20077336
0.980656
0.98956525
0.7132156
0.9515005
0.9774097
0.9165528
0.24729079
0.92591375
0.9695621
0.99033874
0.75953245
0.9239409
0.9772858
0.96473956
0.6099836
0.71761936
0.56161445
0.97848994
0.9173923
0.9408976
0.51147175
0.25550342
0.9622085
0.95746726
0.85721785
0.9908174
0.589719
0.66556627
0.88411206
0.9822597
0.9272794
0.9254616
0.97964805
0.9886845
0.707954
0.9842464
0.13443351
0.76749504
0.9502717
0.6229364
0.9367805
0.97267103
0.9636457
0.9830163
0.9325283
0.893353
0.890649
0.7624539
0.93256366
0.84352297
0.4913988
0.9807144
0.82563335
0.8550392
0.84056276
0.8538338
0.881611
0.95244545
0.76164424
0.9320635
0.87895817
0.8874395
0.9588232
0.97160465
0.86669874
0.91856045
0.98651797
0.656657
0.99137986
0.720994
0.9850558
0.98372525
0.919976
0.9464638
0.93795466
0.753308
0.9489808
0.86207014
0.9015057
0.9807755
0.9924062
0.9846335
0.95735294
0.5485132
0.9552822
0.9454115
0.897917
0.9346093
0.98647577
0.7754403
0.4871397
0.57795954
0.5980956
0.94422734
0.9070161
0.9041629
0.9549538
0.8629839
0.973683
0.97110444
0.67330205
0.91025186
0.89829725
0.97629696
0.99079776
0.86847377
0.94751894
0.9545747
0.97412306
0.96424073
0.91730434
0.8986437
0.8581486
0.9286018
0.9546163
0.92958856
0.68911785
0.9766461
0.9863963
0.8835
0.9702361
0.92723274
0.85122055
0.88874215
0.64733547
0.95552254
0.95979387
0.84437174
0.9933489
0.9603363
0.8605856
0.84639096
0.9626939
0.97687244
0.95971954
0.96101713
0.57403123
0.4378301
0.977414
0.89432126
0.39210558
0.9929174
0.64087933
0.48644513
0.9792828
0.96803164
0.985795
0.12567413
0.90509474
0.98487747
0.59973675
0.91116345
0.983107
0.5744528
0.8370987
0.98124963
0.6441645
0.55921704
0.9862787
0.9816428
0.9809858
0.65284
0.953604
0.654516
0.95672774
0.92931366
0.90454626
0.9917265
0.49174437
0.9750683
0.95860046
0.52818996
0.9922042
0.86208695
0.8723449
0.9931079
0.8909396
0.9784136
0.8306225
0.989847
0.88550156
0.65077764
0.40023282
0.96833193
0.9773197
0.8689487
0.850781
0.959734
0.90026927
0.9860634
0.9749952
0.91857713
0.9725768
0.9794698
0.86623305
0.98190826
0.8480662
0.85557115
0.98436457
0.97493726
0.95400536
0.8048384
0.92593884
0.98726535
0.96096134
0.9591581
0.9586954
0.84445906
0.79151285
0.96933424
0.76041675
0.86493593
0.9306471
0.83090293
0.8619557
0.97946244
0.97530055
0.9639999
0.87431234
0.9313626
0.96874243
0.98075384
0.54007405
0.8167615
0.9881067
0.95096385
0.90035456
0.87663704
0.7450718
0.99447435
0.74152535
0.96002674
0.94969356
0.49422044
0.22679323
0.95581937
0.8541824
0.8913297
0.97869146
0.9188363
0.8459925
0.9758127
0.8489698
0.87022084
0.54834163
0.9687405
0.95737165
0.95022994
0.5652689
0.8236405
0.9570585
0.94618696
0.71625036
0.81797343
0.92437744
0.87047017
0.968151
0.8605204
0.97260284
0.9434522
0.65060794
0.85760504
0.8019526
0.9836422
0.94309455
0.8742391
0.76846707
0.17756732
0.98676145
0.93940157
0.96910113
0.87455934
0.27774552
0.9888102
0.92661107
0.89597356
0.8496026
0.8360185
0.9827032
0.8180746
0.94146687
0.9339087
0.80837005
0.9501549
0.9535501
0.9695537
0.54516304
0.17621604
0.7937895
0.975156
0.8592664
0.91105664
0.9794068
0.63813454
0.9424176
0.9208519
0.728603
0.9633762
0.91968036
0.6054931
0.90115535
0.89225036
0.33223304
0.9270017
0.9900905
0.9897273
0.40195546
0.90807647
0.9223958
0.98741585
0.515404
0.98068583
0.7028848
0.9038017
0.969675
0.36397892
0.7496983
0.9708817
0.98064524
0.8811033
0.98847127
0.8943787
0.83645934
0.4114462
0.23626211
0.39548212
0.94380236
0.53042597
0.9181375
0.9928531
0.74953586
0.8669748
0.94454587
0.9672279
0.93101156
0.92598754
0.98762274
0.634727
0.7210193
0.98935527
0.0045735454
0.09333091
0.9961618
0.9799933
0.7575314
0.76216936
0.9537964
0.8390267
0.7737296
0.9289666
0.91753966
0.7925614
0.9599227
0.8600243
0.89967215
0.9575433
0.95669395
0.95081013
0.3303296
0.9132255
0.88965863
0.8570407
0.98609424
0.93094265
0.9243852
0.7253271
0.6883559
0.95093465
0.88957703
0.9064443
0.6237099
0.97879946
0.8568904
0.98726976
0.9946991
0.5348036
0.62275565
0.8584894
0.9084002
0.9141299
0.79603416
0.90692145
0.9102087
0.96240824
0.8208261
0.984703
0.8339041
0.9888657
0.9853343
0.9458317
0.6258099
0.97803944
0.9722564
0.98843586
0.96256924
0.9787435
0.80915815
0.57867426
0.92224765
0.7683723
0.47271258
0.33248115
0.5596089
0.7495252
0.89426315
0.86260235
0.97871244
0.98405737
0.9322195
0.8744321
0.99381655
0.9741348
0.8548886
0.9850116
0.9597884
0.9373178
0.93578374
0.96745044
0.9548564
0.8501439
0.95809394
0.9894404
0.9854962
0.9788036
0.9860118
0.9641688
0.93142664
0.9958255
0.9847959
0.84828484
0.9750369
0.95739293
0.9353963
0.2708378
0.7084933
0.8740413
0.61066186
0.40071386
0.7372001
0.39925173
0.90789807
0.77890116
0.938556
0.9778386
0.88238496
0.98840696
0.97002923
0.9683659
0.9544709
0.70897996
0.9170567
0.8341888
0.9464729
0.9885427
0.9301131
0.42619315
0.8042309
0.9875049
0.8051384
0.91679585
0.898971
0.89833266
0.87132615
0.2703827
0.92064047
0.32579255
0.8934969
0.9184582
0.9284101
0.94023234
0.9442537
0.9731151
0.96971387
0.8688992
0.87759495
0.8636771
0.40300956
0.77742183
0.97245514
0.42059907
0.8326601
0.9110413
0.9800843
0.99305916
0.92515194
0.67864233
0.96219
0.99051744
0.9954476
0.81583303
0.87906224
0.57665926
0.96390206
0.9787997
0.8850217
0.9854122
0.9324535
0.9750131
0.9856119
0.78782773
0.7516586
0.55705
0.9579666
0.98414236
0.9746275
0.75961435
0.34066597
0.7153404
0.51101047
0.71569645
0.9428256
0.9327471
0.26457903
0.8796038
0.62885666
0.97203326
0.9655506
0.95226854
0.6588658
0.9208827
0.47732815
0.4862991
0.98393077
0.9144447
0.97494906
0.84266406
0.78885967
0.9858721
0.87915456
0.35076737
0.80546975
0.87272
0.97686815
0.97527504
0.9851692
0.98699063
0.98225003
0.94304025
0.9322396
0.9354296
0.7225025
0.76344776
0.98406845
0.98960847
0.97290266
0.8672306
0.9714614
0.7856301
0.83799833
0.95514125
0.9448541
0.9544494
0.54076326
0.91659564
0.8807006
0.7740238
0.9844952
0.9720622
0.9823758
0.34687483
0.99004143
0.91609925
0.6187429
0.78022677
0.9022713
0.9095083
0.96271783
0.93699074
0.54812014
0.53295726
0.9788285
0.4608128
0.87247944
0.9830384
0.9727352
0.6389405
0.9691157
0.49325114
0.9171011
0.96792096
0.26359951
0.8679455
0.99530005
0.51860845
0.94353265
0.9676615
0.9170946
0.5473763
0.9166407
0.75316733
0.89087886
0.84684056
0.4705489
0.70462567
0.98458856
0.854724
0.8916437
0.85754067
0.9682068
0.23309308
0.93242425
0.27780342
0.8880152
0.91919494
0.87626284
0.7924745
0.8299879
0.50908244
0.61627835
0.5330313
0.8645121
0.8886011
0.973545
0.97814274
0.7726532
0.85151654
0.9884693
0.9090979
0.802767
0.7559698
0.9737215
0.96292394
0.6767501
0.08523838
0.99344397
0.9755781
0.9406173
0.95381117
0.8537079
0.4266395
0.9424497
0.8812809
0.2890609
0.7685219
0.809987
0.91922295
0.6168855
0.8260156
0.8354962
0.67301834
0.88419276
0.12206475
0.9694298
0.92730933
0.9407913
0.88864726
0.8645839
0.89211595
0.717674
0.1173474
0.9786426
0.95168096
0.97797763
0.9918677
0.8959024
0.5581154
0.98075897
0.94312316
0.9653629
0.95398265
0.98613286
0.8830603
0.9693522
0.8464697
0.9807222
0.9238861
0.91136557
0.9837968
0.8449723
0.91409117
0.73731154
0.9079594
0.88684833
0.9889492
0.98002076
0.3669156
0.97744465
0.88754165
0.3676439
0.9470642
0.98187745
0.8846878
0.95911634
0.9830694
0.9406762
0.9919648
0.074466765
0.92614555
0.914449
0.9094192
0.9193819
0.94288814
0.9734288
0.7806773
0.4715735
0.9216031
0.96443576
0.9768305
0.8885112
0.7628876
0.9177787
0.32759008
0.8651016
0.22263221
0.9638132
0.9491137
0.9370723
0.861423
0.9864487
0.97763366
0.9883879
0.9551993
0.9598447
0.985965
0.6983075
0.9723557
0.9575879
0.57152855
0.9172028
0.9603004
0.8612044
0.44045967
0.9575091
0.9619298
0.8921631
0.34852645
0.9142669
0.6451984
0.2518888
0.95002043
0.008228943
0.98414177
0.88486624
0.78501695
0.97079664
0.46239227
0.8001855
0.37368295
0.7513707
0.86251366
0.9374825
0.86205864
0.8956557
0.9768777
0.93414384
0.9185319
0.93993294
0.89402443
0.9446259
0.9861616
0.81602603
0.69062823
0.9121286
0.9488859
0.8189715
0.0014640355
0.90943635
0.89464897
0.9471705
0.9354102
0.8577167
0.94086033
0.9321784
0.84976816
0.6950835
0.79148364
0.8965394
0.7652407
0.92664707
0.7655327
0.818438
0.9809738
0.67447263
0.9830241
0.9289284
0.9829578
0.93068385
0.8284161
0.98245645
0.9310452
0.99707234
0.9412538
0.30259168
0.57393265
0.95492053
0.9886714
0.896499
0.33554357
0.9650263
0.25862092
0.9598271
0.90908796
0.97640413
0.9454828
0.9696387
0.8389761
0.76442164
0.9789493
0.99531955
0.71690863
0.8677583
0.9695323
0.8912896
0.98808485
0.7428486
0.95005786
0.8901399
0.94900656
0.29065055
0.97008646
0.40073684
0.91016454
0.07333272
0.7568405
0.8831259
0.98677063
0.79108155
0.9630412
0.40358663
0.94904166
0.58518016
0.9586274
0.9558944
0.94256765
0.94104457
0.9407106
0.93118125
0.9158296
0.8743087
0.5893558
0.77820855
0.9894549
0.9601187
0.6745097
0.9295703
0.98310965
0.881226
0.85051686
0.91638756
0.61719817
0.745673
0.90250635
0.942515
0.86253864
0.94924897
0.9827315
0.37634763
0.9705814
0.83881146
0.942929
0.980802
0.9431447
0.0020662546
0.61571306
0.96030885
0.8566775
0.7097939
0.3406219
0.82360643
0.6672316
0.64901227
0.99461395
0.98961663
0.8754252
0.43323866
0.89402837
0.7614103
0.95850754
0.55324656
0.87603736
0.94732594
0.87511
0.94610906
0.9158649
0.98129994
0.7974829
0.97974074
0.34810334
0.9807937
0.82781875
0.8550045
0.97144645
0.97329354
0.88004524
0.97548115
0.98290676
0.9273723
0.79802126
0.66255003
0.84885085
0.98581725
0.9832187
0.54965156
0.37934145
0.8001338
0.9279045
0.8779778
0.7957611
0.92773634
0.924418
0.91692543
0.8698705
0.951608
0.75317574
0.938643
0.8169405
0.45875737
0.9704286
0.9628484
0.6547363
0.42953157
0.78910244
0.9674118
0.9852905
0.9890549
0.20025323
0.9832744
0.9709434
0.6882995
0.6492977
0.95094466
0.9217877
0.8126795
0.16560377
0.8739483
0.8957753
0.28674284
0.991577
0.6957632
0.7933407
0.98571926
0.95482314
0.9727858
0.6699948
0.9560772
0.76375675
0.8676832
0.24180287
0.5625774
0.64924264
0.8349562
0.9564363
0.93440026
0.6501665
0.91811484
0.89053255
0.6784128
0.9730075
0.7998053
0.9854021
0.9640398
0.94478977
0.97993875
0.30501115
0.8664401
0.9639152
0.95810384
0.91790754
0.9848787
0.9578441
0.5492019
0.96381664
0.9439409
0.6520808
0.89582306
0.9813328
0.98288524
0.96186393
0.5174965
0.6614902
0.3881559
0.65287274
0.98865986
0.91291046
0.8219624
0.98152775
0.6092931
0.44778037
0.957996
0.7279302
0.66690123
0.8746996
0.6644151
0.9311687
0.87229353
0.89867723
0.8641303
0.92322624
0.26659164
0.9516807
0.79831743
0.992661
0.78902364
0.8389055
0.83157927
0.26386008
0.81248015
0.75680554
0.88822955
0.9565546
0.8241908
0.23640262
0.97511
0.82427835
0.9921565
0.98031807
0.8937087
0.6522665
0.8897497
0.76819485
0.92778397
0.9680645
0.94008636
0.9471744
0.97368425
0.84439516
0.6634046
0.9878357
0.9593667
0.9929075
0.9909027
0.93597734
0.9639265
0.8809582
0.9640439
0.9923538
0.9917025
0.8798923
0.9005941
0.976101
0.9286503
0.98216033
0.8967855
0.9464119
0.9858553
0.85751134
0.8197459
0.9860286
0.923306
0.94622767
0.98699015
0.7639621
0.85908264
0.9475224
0.92189527
0.96729785
0.7458919
0.86895984
0.9312326
0.9683338
0.8797056
0.9091435
0.95111835
0.9807035
0.9142888
0.73600227
0.91805017
0.94433635
0.81879234
0.80588645
0.08006785
0.9867921
0.9482684
0.8777621
0.838594
0.79348475
0.9321893
0.9041856
0.8932329
0.9249871
0.98262155
0.9966313
0.5396415
0.95830214
0.9667947
0.8485843
0.94774824
0.8743209
0.8312672
0.9608518
0.9281903
0.9276512
0.02320811
0.94367665
0.8858916
0.8382066
0.9473946
0.98789805
0.9767244
0.91237974
0.97914314
0.9138504
0.9639111
0.98364705
0.9914335
0.8641929
0.9049529
0.9283911
0.82623136
0.9200351
0.99171513
0.90379494
0.93406385
0.98946893
0.42590243
0.5126877
0.99494123
0.98390067
0.86364055
0.9830546
0.85529435
0.65577424
0.3532895
0.63545895
0.9154263
0.8548705
0.2317103
0.9095231
0.98887664
0.81655663
0.8959824
0.92796963
0.7575981
0.99570674
0.8854401
0.89266646
0.99219704
0.96915305
0.9558997
0.7956268
0.8346189
0.9337342
0.9483351
0.9944674
0.96712667
0.98043895
0.89153576
0.98600024
0.9875821
0.97968274
0.96947485
0.85533106
0.9749019
0.97056997
0.89517933
0.97603637
0.8870979
0.6224873
0.08366863
0.8306318
0.9860832
0.9701403
0.93132186
0.84977514
0.9565257
0.7307034
0.30839998
0.9806341
0.9250685
0.47733083
0.71798444
0.9249263
0.97636104
0.9822765
0.84667253
0.9866349
0.26011854
0.98614186
0.71158224
0.8445942
0.96320355
0.5773445
0.98629516
0.9243422
0.9732132
0.118940756
0.9725044
0.9782285
0.982406
0.9422419
0.990433
0.9845158
0.38973978
0.98814803
0.2500839
0.9681456
0.98644465
0.67828345
0.97384024
0.9642782
0.76418525
0.9910404
0.9782624
0.71438843
0.82442784
0.9482605
0.8761148
0.62445116
0.99349916
0.9429237
0.9644344
0.8637958
0.9898391
0.9034493
0.93025184
0.964323
0.9784743
0.9587411
0.85112303
0.9425526
0.83878005
0.84560627
0.9936553
0.95642024
0.98173577
0.933002
0.7105523
0.9200545
0.89967865
0.6972269
0.57338667
0.8588108
0.80860174
0.61688215
0.822033
0.7719555
0.93310183
0.8563387
0.910794
0.69210804
0.964218
0.9569945
0.9741095
0.98530585
0.9805536
0.96837574
0.67717063
0.6104412
0.9705702
0.96688664
0.6525735
0.2915344
0.94618624
0.938678
0.9746797
0.941717
0.8308758
0.89753413
0.8066603
0.85538197
0.9721934
0.9639679
0.6119319
0.9557047
0.72624886
0.9593638
0.46749568
0.98063207
0.98330486
0.99548703
0.73434114
0.90975344
0.64421016
0.74391747
0.6665788
0.99253815
0.9876303
0.72585726
0.9931323
0.8242705
0.94496083
0.9132222
0.70227987
0.9866832
0.9840082
0.9855817
0.9904265
0.96988565
0.7511097
0.9653689
0.83857
0.81963533
0.9656208
0.9744883
0.33611003
0.48794195
0.53290796
0.4105145
0.95397216
0.96371233
0.9888277
0.79960287
0.9427771
0.9586342
0.96886057
0.98916936
0.8279269
0.98684514
0.9283067
0.9168048
0.9773089
0.9470711
0.9739777
0.9863094
0.7911528
0.89159745
0.7159115
0.79318523
0.8569336
0.5108665
0.70681036
0.9762403
0.7299978
0.91021186
0.9837515
0.69789284
0.9803805
0.8671982
0.965184
0.88935566
0.9843462
0.54470456
0.9885513
0.92902637
0.98841584
0.7704488
0.9443605
0.72274303
0.9380672
0.9754699
0.9160854
0.97206104
0.93047786
0.342622
0.9861367
0.77653605
0.9367305
0.71402884
0.9758685
0.9229013
0.972485
0.9406795
0.979482
0.8334348
0.953969
0.93894017
0.9700776
0.95696384
0.94872385
0.86257637
0.86225027
0.93947375
0.70533633
0.88120306
0.82703924
0.9882338
0.91589576
0.963652
0.97702414
0.8065318
0.77445483
0.9812897
0.96780485
0.94298345
0.9863375
0.30986965
0.68441534
0.47004804
0.9468285
0.9858791
0.928238
0.9167035
0.66443175
0.9723833
0.92245996
0.93134594
0.96368265
0.8376769
0.98409986
0.691132
0.9870925
0.59439266
0.98705333
0.5653659
0.98009574
0.9939458
0.9936318
0.5946106
0.7729774
0.9342647
0.9835827
0.9865153
0.6999185
0.94845086
0.92622894
0.9858731
0.98254526
0.64005744
0.9453984
0.92747724
0.61597
0.969304
0.98666984
0.876627
0.548135
0.50263137
0.9536216
0.9830021
0.96127605
0.96849656
0.7181308
0.9246805
0.9506734
0.9820057
0.7242376
0.9788087
0.9622603
0.9276958
0.9682512
0.81636727
0.9826043
0.95717317
0.9596653
0.99029934
0.9894847
0.7097143
0.9763372
0.86531657
0.9816984
0.96504396
0.95918554
0.98326427
0.96831155
0.9237177
0.482269
0.67258626
0.9910563
0.90221757
0.6103357
0.91746396
0.65291756
0.73598224
0.60066915
0.21124665
0.98296124
0.979715
0.5658949
0.14961359
0.9489542
0.99083614
0.9495875
0.9100035
0.98875135
0.9232685
0.7513982
0.97398925
0.6259021
0.9768918
0.9601433
0.9732005
0.97535455
0.9590964
0.8402313
0.9392728
0.9549699
0.9016068
0.8655067
0.86552036
0.9873073
0.95627505
0.9087815
0.91017157
0.98828775
0.9271062
0.7614886
0.5315635
0.8635032
0.71655023
0.66965866
0.6701895
0.9589587
0.57971156
0.64472514
0.97554123
0.8196506
0.95194113
0.9825178
0.6661247
0.90911037
0.99410605
0.9477791
0.34746704
0.99050385
0.96508783
0.9498242
0.9730758
0.38549966
0.89124215
0.87563896
0.87346274
0.8778911
0.82389116
0.9505998
0.4962917
0.97096217
0.37264046
0.9034706
0.7893119
0.44093776
0.95781875
0.9780351
0.4912022
0.9739862
0.6767619
0.9246548
0.76546913
0.942664
0.7940196
0.9746347
0.91785157
0.96446955
0.9702287
0.99709177
0.5349346
0.9879853
0.98127294
0.042063337
0.97783935
0.9876244
0.9754437
0.9272099
0.9424247
0.91294265
0.61652243
0.851949
0.91764325
0.76682305
0.9511491
0.919337
0.92984015
0.9828555
0.09590947
0.7295657
0.95812255
0.911769
0.9621519
0.7847902
0.56050086
0.9684507
0.9268385
0.86152405
0.99582386
0.77697414
0.48117733
0.99160403
0.85371083
0.98692816
0.91589487
0.75019
0.6045672
0.959032
0.9789184
0.8947341
0.9304877
0.40440005
0.9189967
0.981629
0.9840365
0.95922273
0.4107594
0.48813286
0.9659264
0.9512409
0.98220164
0.9356688
0.95418775
0.6764458
0.8876403
0.88468695
0.79083943
0.98743546
0.96177554
0.88838065
0.96819955
0.5112359
0.952609
0.97632766
0.3398447
0.9844769
0.20726584
0.97346324
0.97311294
0.9291171
0.57354075
0.9157896
0.93590015
0.9883533
0.9822228
0.9804068
0.22049382
0.9814517
0.91123086
0.29524177
0.9720329
0.5898065
0.85621613
0.9087399
0.8824059
0.83635926
0.915879
0.8032188
0.91232294
0.58477557
0.95997113
0.76559806
0.9131829
0.9659402
0.6773513
0.52599627
0.64355105
0.878458
0.97275126
0.9828199
0.9492278
0.4042732
0.97950864
0.97198933
0.83975935
0.971306
0.9128461
0.87805766
0.98024356
0.63006574
0.9640202
0.9794654
0.9838071
0.9468752
0.85934085
0.6556934
0.9952123
0.9842775
0.9217651
0.99005437
0.8160673
0.9803638
0.9817701
0.9656875
0.5763807
0.9699461
0.9040066
0.97832495
0.37438118
0.73041326
0.9439207
0.88172555
0.99003357
0.7663294
0.8339926
0.516855
0.9808921
0.959597
0.986628
0.9876867
0.31008545
0.72166324
0.94699985
0.6811111
0.6363398
0.8489338
0.9236741
0.9930512
0.7393986
0.97033566
0.26245293
0.92947525
0.9359008
0.8317966
0.7764383
0.8664982
0.8488316
0.88814324
0.9350337
0.9555676
0.9827749
0.9068795
0.9212387
0.9552816
0.9593046
0.891479
0.83173597
0.9803976
0.09403572
0.9589418
0.97563076
0.93290305
0.926857
0.97740734
0.8856333
0.21639463
0.9890337
0.8159586
0.61853105
0.8406243
0.9303531
0.976938
0.9855058
0.6591358
0.95299673
0.9814718
0.9730314
0.90485984
0.9585241
0.8389427
0.98323244
0.97330207
0.26033843
0.9139088
0.9509591
0.805433
0.46984875
0.9635047
0.5354329
0.7457424
0.9662415
0.7415261
0.9501448
0.75009096
0.95701045
0.8277344
0.98030466
0.5030432
0.9430218
0.887476
0.9489048
0.8597102
0.7210593
0.45192012
0.42643735
0.9419408
0.46785894
0.989509
0.78376883
0.96734065
0.93375474
0.44867024
0.75525564
0.4128948
0.9300211
0.17568304
0.88891584
0.856865
0.9668504
0.86334974
0.62348586
0.9550207
0.80188507
0.90604305
0.68208563
0.8539961
0.87994546
0.967733
0.94849193
0.81115603
0.9688785
0.94398123
0.98640406
0.78947985
0.9264207
0.8948414
0.9616523
0.8919799
0.7143752
0.41669744
0.98878807
0.9603889
0.9899356
0.9585173
0.91820955
0.94954467
0.9537025
0.96046257
0.9510209
0.96825635
0.98042953
0.21691628
0.9897327
0.91945076
0.44973335
0.7245671
0.91723996
0.23053388
0.93382376
0.8952714
0.91102874
0.0013652282
0.9887955
0.97188044
0.9317733
0.79650307
0.21251503
0.7115709
0.97825044
0.5330203
0.65168196
0.92553705
0.96792746
0.9475995
0.9920318
0.7899317
0.9131715
0.8641277
0.61683065
0.946048
0.96548223
0.74709773
0.24151644
0.9757572
0.95896196
0.98140645
0.8538142
0.94290954
0.82031417
0.7136955
0.50828105
0.94470966
0.904229
0.38741353
0.85161597
0.915861
0.9288189
0.50898105
0.46425846
0.61813396
0.65802664
0.8923562
0.9172123
0.8970922
0.25608706
0.56649643
0.6638187
0.9873006
0.9704305
0.95658636
0.8255439
0.91247845
0.8676293
0.9931062
0.69272965
0.970471
0.97092235
0.8453986
0.9940923
0.7951412
0.9068924
0.42620033
0.95144653
0.9519665
0.58367026
0.8822578
0.9841876
0.9618286
0.8966209
0.9774279
0.9391637
0.96615934
0.96632487
0.9723538
0.97041893
0.9318753
0.9560064
0.9133311
0.07726547
0.9642587
0.9735034
0.96514976
0.939029
0.9481786
0.90661114
0.98680127
0.80978554
0.6842047
0.98904115
0.9842218
0.9021452
0.98118263
0.7273218
0.28262076
0.81489444
0.93394834
0.9575042
0.9078151
0.98277986
0.8900799
0.068015195
0.5855551
0.93097925
0.7515788
0.95996183
0.55830365
0.9701379
0.6763388
0.41940758
0.7823307
0.3001545
0.96385914
0.59838855
0.9375046
0.8206455
0.2375001
0.88105005
0.94519603
0.9870809
0.9572638
0.9909469
0.96016365
0.4944019
0.97749764
0.817883
0.90574616
0.9670793
0.7687498
0.9935824
0.87344766
0.96717536
0.9254434
0.69311035
0.7193411
0.9882814
0.9854527
0.9804821
0.58860016
0.90156645
0.98859334
0.7899137
0.9744693
0.9810028
0.9744985
0.912743
0.98678863
0.6098804
0.9090883
0.5480512
0.9899475
0.9732891
0.9689493
0.90522903
0.58576334
0.9279295
0.92878264
0.91638553
0.95035684
0.9695004
0.978365
0.74254465
0.93448913
0.98664564
0.80653536
0.850693
0.91363657
0.8892782
0.956127
0.7359617
0.9710369
0.9612015
0.96098995
0.91829365
0.9895643
0.98928386
0.9571631
0.9901952
0.9854057
0.6329235
0.918754
0.7672988
0.93034077
0.94393575
0.7811639
0.98484904
0.98964965
0.9904055
0.8871559
0.987934
0.73178166
0.96894664
0.7509346
0.77732855
0.9792453
0.7603494
0.9166856
0.9841202
0.38857463
0.95522064
0.9710193
0.97386986
0.8214334
0.90252453
0.95538706
0.98611385
0.9858219
0.9701404
0.9749092
0.9315192
0.82017225
0.97593653
0.939618
0.30944115
0.9376441
0.9798164
0.8159832
0.94596845
0.9552576
0.63618433
0.9333907
0.98419225
0.44455713
0.96090233
0.7846938
0.97714
0.9148959
0.8572827
0.9819349
0.6435924
0.31494877
0.8735804
0.9328203
0.9522891
0.98988664
0.9936765
0.6648271
0.8374802
0.8405431
0.7079447
0.8360254
0.88846684
0.9453306
0.9823178
0.58580637
0.3347245
0.98188466
0.87501025
0.88502306
0.98016423
0.93330085
0.8770393
0.99062574
0.82278514
0.7961372
0.86794233
0.9865682
0.972936
0.9029993
0.86370564
0.3997857
0.94835526
0.26138136
0.94474113
0.763419
0.8566934
0.8100017
0.93531895
0.9874742
0.97246337
0.7582698
0.9566985
0.9460079
0.9863853
0.88706714
0.9917604
0.8732602
0.92784166
0.95198965
0.810285
0.16083182
0.9822711
0.92805177
0.83462024
0.9742974
0.95999616
0.9892012
0.97218883
0.91641146
0.96532226
0.6550682
0.9955389
0.92966074
0.94771636
0.9758487
0.84533674
0.75120103
0.6597939
0.8119683
0.98408777
0.33874917
0.8629246
0.6388865
0.98155725
0.7250037
0.6190628
0.478891
0.9933878
0.80339575
0.9881644
0.7965201
0.93458796
0.9843093
0.9127396
0.99049485
0.9817578
0.52245736
0.77269125
0.13188623
0.8927657
0.9518306
0.4060165
0.98457587
0.59044147
0.9294293
0.002205325
0.87391186
0.0013798861
0.8807827
0.94222337
0.8226889
0.96219206
0.9616152
0.8888984
0.98139936
0.9848297
0.32656458
0.45414522
0.97452456
0.78961587
0.9472336
0.60629827
0.2305013
0.4524894
0.42255342
0.7589595
0.9566684
0.9005913
0.7670445
0.9705875
0.9491121
0.82710916
0.94238836
0.9673708
0.9707238
0.92418224
0.8490501
0.6182825
0.9700056
0.8134329
0.99171585
0.61990124
0.98851264
0.94885296
0.974452
0.9128257
0.9804685
0.9425483
0.98936623
0.9582528
0.9661341
0.40002656
0.49067888
0.73759824
0.5928961
0.25966778
0.9465501
0.86187035
0.96813744
0.84435725
0.43381125
0.9787951
0.829463
0.42672554
0.9859947
0.9965268
0.9028564
0.9367153
0.6835255
0.7785754
0.9552511
0.7431754
0.9075691
0.79683787
0.94037724
0.9638156
0.75840306
0.7018546
0.7873081
0.9768064
0.65753174
0.5484459
0.98497564
0.96580696
0.8467492
0.65553045
0.9315218
0.97976905
0.53312296
0.9703996
0.7447448
0.98104686
0.9651862
0.9492741
0.26515448
0.963839
0.9171483
0.9728186
0.93273985
0.90764123
0.50056577
0.63212466
0.7010997
0.87024045
0.97149324
0.9871481
0.51307815
0.83955294
0.98499775
0.9526858
0.86448115
0.98639804
0.7856232
0.93578136
0.9317336
0.9766267
0.95920736
0.4669283
0.9826805
0.9908382
0.8610568
0.782867
0.8737609
0.6313104
0.9438267
0.9345113
0.9915958
0.4085694
0.9139836
0.0774867
0.97053874
0.4015966
0.955965
0.10423628
0.8544982
0.91851705
0.83094096
0.97269577
0.7273366
0.9588471
0.9375565
0.98685503
0.9076644
0.60214055
0.97793365
0.7926093
0.93785465
0.5909713
0.979349
0.7176476
0.9565387
0.9799543
0.89476836
0.9928703
0.9716371
0.95078343
0.90254694
0.98676807
0.9974323
0.9854015
0.5766333
0.89582247
0.96525127
0.98910844
0.43526983
0.9075296
0.9868486
0.8839936
0.50056326
0.82030493
0.9880322
0.5706115
0.7085336
0.96373993
0.95056
0.90116066
0.53073543
0.9621263
0.83145076
0.92551744
0.54591256
0.9877702
0.9790028
0.89572656
0.79714257
0.93670654
0.9430072
0.8155777
0.79705054
0.91740286
0.6834097
0.6926444
0.0018013702
0.8735618
0.9569191
0.8339455
0.9494246
0.9481488
0.98202664
0.8860832
0.9383543
0.5053957
0.91441256
0.887006
0.85158
0.9136108
0.92805815
0.9907659
0.9766411
0.96731824
0.9863316
0.42218062
0.98351073
0.96997255
0.8544072
0.97727305
0.92338586
0.9928485
0.8956046
0.9447933
0.9630268
0.9816363
0.9693969
0.7047551
0.70787674
0.2928552
0.9898606
0.63331234
0.9075513
0.9325426
0.94377935
0.44839028
0.9745105
0.98471236
0.70317227
0.79456973
0.956731
0.8340848
0.66955745
0.98640615
0.39188373
0.84085304
0.98926467
0.5616735
0.89454395
0.6261992
0.5050604
0.95599747
0.9435458
0.9378475
0.8250148
0.8928957
0.25900096
0.9421148
0.5760899
0.75134385
0.9712324
0.9183759
0.96960396
0.98367786
0.9341482
0.82166666
0.9017833
0.7971724
0.94618994
0.9787369
0.8859752
0.97744066
0.8883977
0.9857728
0.6101567
0.9776399
0.98814803
0.8533113
0.8042823
0.99062353
0.3936502
0.9937465
0.9364799
0.96949625
0.49479663
0.9778054
0.9095593
0.8520584
0.8728063
0.54886746
0.88234067
0.96616334
0.93415415
0.9394181
0.9403055
0.9882081
0.71164083
0.9746943
0.74598765
0.698464
0.6419026
0.8647507
0.98822814
0.9558923
0.5775341
0.7950141
0.49360037
0.86216444
0.97409433
0.6515193
0.9911692
0.9894085
0.95183784
0.31089404
0.91379005
0.9071728
0.7401668
0.8851896
0.90932286
0.98159
0.904926
0.9756792
0.9878207
0.9623072
0.9698545
0.9767675
0.72827077
0.9938783
0.9544836
0.9775299
0.9756703
0.98815536
0.9752288
0.874231
0.961936
0.49054694
0.9025888
0.91522884
0.9924569
0.92278486
0.8406732
0.9647938
0.96495414
0.97228336
0.8415042
0.9722102
0.9178488
0.99473214
0.8685937
0.7625834
0.50719035
0.95502245
0.88453585
0.9740615
0.9666023
0.93529475
0.82464266
0.83510697
0.27805308
0.7759435
0.8662846
0.98046714
0.9907789
0.8097223
0.99048144
0.9219904
0.98054194
0.9790949
0.9925363
0.9472502
0.9702748
0.9125017
0.69850653
0.04480619
0.92775136
0.88154876
0.90056604
0.8991652
0.7355469
0.90806085
0.50697505
0.8398139
0.8667685
0.8538393
0.7144489
0.35886547
0.9788658
0.9140018
0.8482294
0.91993374
0.2841516
0.9117412
0.27401927
0.95638317
0.6827858
0.80034167
0.72560513
0.6303712
0.65254444
0.29832625
0.67178774
0.9200462
0.86229044
0.97321826
0.98348236
0.9299321
0.9426013
0.97767925
0.9868037
0.9572687
0.9842009
0.94137007
0.9832946
0.8207721
0.93640697
0.9828834
0.9897049
0.92265415
0.767256
0.6594955
0.8367938
0.9526377
0.9022634
0.84293157
0.97514987
0.61840653
0.45683017
0.9786437
0.8214841
0.34202075
0.81373155
0.9526154
0.97749925
0.6798818
0.90639985
0.85328597
0.45693907
0.96307415
0.9870586
0.93806994
0.87727934
0.99165475
0.9811995
0.97827494
0.9439706
0.9819772
0.9836209
0.69007224
0.9485061
0.9360633
0.9913516
0.3216731
0.9234412
0.7210921
0.963987
0.55547184
0.9557853
0.95813316
0.981847
0.9530975
0.98405635
0.9082924
0.9511246
0.9894394
0.9780398
0.7913185
0.8676067
0.98776346
0.32427973
0.45092282
0.9234802
0.735356
0.9850787
0.8775176
0.9778542
0.89702797
0.9894236
0.9347495
0.22106566
0.9725467
0.9714276
0.97239923
0.9235707
0.9882783
0.9737509
0.899625
0.8277238
0.46641457
0.9456064
0.9220707
0.98183364
0.48025075
0.96116084
0.9351211
0.8810725
0.8400997
0.7552434
0.936567
0.28520828
0.9470183
0.99125797
0.5511627
0.7104444
0.7802692
0.9672356
0.57915515
0.96610004
0.9128515
0.97216547
0.86162597
0.97335774
0.7342676
0.36841708
0.9844393
0.9804301
0.23330104
0.98631907
0.94011694
0.9195058
0.23298867
0.6637406
0.96108234
0.9804388
0.927679
0.9794462
0.82615167
0.88753915
0.9740753
0.46513453
0.99275243
0.7028415
0.5376276
0.8648065
0.9370633
0.9872608
0.84707636
0.9817054
0.4071903
0.81829745
0.891075
0.90663904
0.99015105
0.9489514
0.84315366
0.87510556
0.9037259
0.8331249
0.92651135
0.39753112
0.94852716
0.95262617
0.4044691
0.9934394
0.4698623
0.5098491
0.9731216
0.9288924
0.87421167
0.9009151
0.9787235
0.95545954
0.9702084
0.98509884
0.847377
0.9599861
0.9923962
0.6452058
0.46271646
0.76650363
0.8897318
0.9843626
0.7702511
0.93877363
0.34590012
0.92221117
0.96055377
0.9766237
0.94513065
0.9383765
0.93908334
0.9619736
0.93588483
0.74798685
0.9736188
0.94938344
0.32477784
0.886121
0.94409364
0.8798628
0.6558953
0.9731616
0.9347055
0.9507265
0.96129036
0.8835814
0.86633486
0.75520796
0.9192708
0.9883007
0.98204744
0.87437475
0.9620405
0.91948783
0.6790654
0.81368303
0.9151173
0.96195483
0.7190756
0.9422175
0.860455
0.9831686
0.7169257
0.849351
0.10580391
0.907961
0.888581
0.9084671
0.9571193
0.5952449
0.8482708
0.8194849
0.90131944
0.6871715
0.7830581
0.5236129
0.947561
0.9729989
0.9888687
0.8818977
0.74826145
0.6496367
0.82618076
0.9468527
0.9395587
0.7307047
0.62142396
0.9005262
0.94415313
0.24286479
0.96042794
0.6280832
0.92206305
0.32893625
0.98819727
0.9565647
0.6624948
0.8921381
0.9986426
0.9141034
0.9191549
0.98039323
0.9820035
0.97198606
0.45417497
0.71760434
0.95801795
0.9092482
0.96836734
0.9702058
0.8487417
0.9889283
0.9962022
0.8821109
0.9188483
0.9759572
0.9593495
0.7541587
0.79120004
0.78957015
0.84844434
0.9554761
0.89945704
0.98755544
0.93076974
0.7720076
0.86622804
0.9839723
0.56644803
0.9862363
0.96630347
0.9473975
0.42539302
0.98452574
0.8643858
0.78630763
0.83038044
0.94838464
0.9701834
0.9258844
0.9883217
0.87189764
0.96454144
0.8217465
0.9910375
0.94313854
0.9726
0.5984713
0.8630701
0.9545633
0.5791993
0.98994875
0.95260054
0.7070206
0.9502039
0.4452977
0.77497476
0.9835464
0.99445575
0.9666631
0.8681824
0.98337525
0.92612493
0.9645136
0.1365187
0.86613333
0.9673071
0.49300277
0.974422
0.29563498
0.9557516
0.74711674
0.8852471
0.9571018
0.9837245
0.37670562
0.9792284
0.26856855
0.93998325
0.8950556
0.43849054
0.91137755
0.7892505
0.97440684
0.95223796
0.8487911
0.9607498
0.96894807
0.8432079
0.9159825
0.8258495
0.85617006
0.61970425
0.85441124
0.9288178
0.675191
0.8916162
0.9899177
0.951403
0.96521163
0.8761199
0.9726599
0.9414767
0.64808667
0.9795426
0.8891634
0.9377439
0.95227665
0.9521105
0.9505365
0.94350994
0.83037406
0.9202171
0.55194193
0.87412757
0.9264416
0.98153347
0.9962042
0.8174663
0.9512392
0.9481093
0.9537952
0.9739972
0.9058041
0.92221177
0.97718894
0.69731474
0.8859762
0.87625206
0.9703574
0.9251776
0.976073
0.9927331
0.95890003
0.9726241
0.9826902
0.8466247
0.7299886
0.9661723
0.9504018
0.95395404
0.30325642
0.43701547
0.6889374
0.9832555
0.95301485
0.9790536
0.500064
0.98089427
0.86959136
0.9565619
0.8825619
0.57845753
0.9378387
0.75351185
0.9107012
0.90455824
0.7889382
0.9867291
0.714345
0.7068983
0.98267174
0.9110518
0.90179306
0.9402184
0.9497602
0.79333794
0.9899872
0.9897754
0.93311286
0.97150743
0.16047618
0.8436617
0.9588389
0.96415406
0.40390077
0.9094022
0.58423185
0.8467383
0.36533484
0.549825
0.83914244
0.9847173
0.44990864
0.8951045
0.9587014
0.6843772
0.9527648
0.70466644
0.95411354
0.98489594
0.98386127
0.9423146
0.9760006
0.24714018
0.9738347
0.98944736
0.9702074
0.99507034
0.6128423
0.95007324
0.9133049
0.7858896
0.93078905
0.9914915
0.9794449
0.9259059
0.916368
0.5123667
0.9535218
0.97340447
0.8594742
0.95412165
0.28637186
0.5466
0.5065474
0.8833931
0.8480361
0.96984315
0.9786283
0.9639027
0.66236186
0.98575145
0.7003327
0.93593913
0.9273166
0.9558673
0.8851581
0.88714415
0.88630384
0.9902884
0.94369715
0.8976205
0.87569445
0.46927014
0.9796203
0.92683864
0.63747996
0.9618419
0.9923908
0.9908454
0.78390545
0.7135136
0.9025091
0.9626706
0.72284627
0.7640981
0.96014166
0.77277523
0.48326674
0.94982666
0.8823886
0.9640932
0.981202
0.9375601
0.7735833
0.9611129
0.9421202
0.9773058
0.85031503
0.8918739
0.5711339
0.9870314
0.58663064
0.9837372
0.40642613
0.84284866
0.58360815
0.9601949
0.23965012
0.9918846
0.6850792
0.93000513
0.9883807
0.6557852
0.9589315
0.9617352
0.891246
0.9111212
0.88309
0.9711987
0.24100746
0.9418073
0.5608612
0.858523
0.9289635
0.9876632
0.8372308
0.8944895
0.96080637
0.98525006
0.99271023
0.9356106
0.88572353
0.8219463
0.98482406
0.98440486
0.8983806
0.58554196
0.28368858
0.35786867
0.96316695
0.986073
0.9258936
0.8571469
0.96504575
0.7064479
0.91644204
0.34284297
0.9497302
0.9464216
0.8682956
0.7242959
0.9853265
0.9340362
0.9888665
0.92934847
0.8389333
0.93262327
0.95616037
0.9439762
0.98478043
0.6323228
0.8421095
0.98823136
0.87469935
0.9512605
0.9358057
0.9803342
0.97166485
0.8558193
0.8156756
0.9886707
0.39888063
0.9800978
0.87425685
0.7664014
0.74901015
0.899765
0.7736384
0.8040324
0.90521747
0.90115637
0.84766626
0.9631988
0.9872874
0.9894176
0.9835111
0.96144426
0.9195583
0.8200649
0.92870635
0.9791837
0.9836766
0.86343217
0.92761767
0.97020996
0.72311217
0.9150793
0.95337856
0.9710723
0.8891449
0.92118764
0.9565012
0.98234105
0.92136115
0.9548072
0.9755598
0.89972043
0.9447564
0.9819608
0.9804658
0.98280716
0.9079844
0.4716278
0.3210067
0.88722456
0.81241137
0.938767
0.6574413
0.9860968
0.9897655
0.84097064
0.53715545
0.98481745
0.9864774
0.93040866
0.9226876
0.94019705
0.9267767
0.98272014
0.8570896
0.86187154
0.6807725
0.9839205
0.9469851
0.9420582
0.8865682
0.98477364
0.9733261
0.98134744
0.56779426
0.8967054
0.91894644
0.9509472
0.8633417
0.9462761
0.55239624
0.27841103
0.6748269
0.7476571
0.9784104
0.51144856
0.8535992
0.7799945
0.9086174
0.67935437
0.6797144
0.66317
0.5095616
0.9739454
0.93688387
0.89690506
0.98709536
0.6015026
0.4483979
0.9834801
0.95854974
0.94547546
0.94736356
0.9432678
0.95249206
0.9047697
0.9660628
0.9911606
0.6788647
0.56885076
0.8614747
0.9827648
0.9452077
0.75678176
0.9854074
0.9433391
0.9591128
0.98783314
0.8422067
0.97780514
0.84640133
0.9208019
0.99314195
0.9537398
0.89137775
0.9816191
0.9541298
0.827709
0.9672715
0.97663295
0.9761204
0.83709973
0.9867264
0.39060354
0.9670495
0.8627737
0.81661373
0.89659077
0.7766914
0.32955268
0.9104522
0.10613285
0.9734771
0.97667253
0.77428925
0.9191866
0.909347
0.8756102
0.953527
0.95748144
0.91419804
0.94229996
0.85640466
0.9371097
0.9669279
0.9478661
0.95328397
0.95737195
0.9255734
0.87222373
0.9162348
0.93231815
0.8607517
0.91040576
0.91759825
0.35199976
0.9918994
0.7477626
0.8612349
0.97296745
0.44979507
0.9868804
0.8112675
0.9928751
0.9574563
0.9812795
0.3637008
0.8955432
0.96175194
0.99813277
0.85626876
0.96888286
0.8916036
0.9903398
0.95043147
0.96175414
0.9414714
0.90574354
0.8967598
0.9466833
0.98813534
0.87003577
0.56520164
0.9821117
0.9185897
0.97647357
0.9403104
0.97725487
0.9571005
0.89235866
0.9768066
0.9948836
0.9872749
0.8266321
0.9924005
0.97638595
0.50194424
0.6935559
0.97837913
0.91421956
0.93930036
0.7438164
0.95265937
0.9493889
0.88412845
0.9649564
0.75292253
0.8450445
0.9783689
0.9530999
0.9738317
0.82108575
0.7719672
0.8890823
0.96008956
0.5615317
0.9871423
0.9442328
0.9007363
0.70447445
0.9573322
0.97996247
0.6133235
0.4612177
0.80531794
0.6622319
0.845371
0.80883527
0.5337959
0.9842137
0.9938804
0.75629026
0.9709071
0.8036208
0.98016894
0.38009676
0.9728265
0.56964
0.9835686
0.99144053
0.8536973
0.98610175
0.88147146
0.9933141
0.8013513
0.66389215
0.41298413
0.9836482
0.7020078
0.9435786
0.9645241
0.8553222
0.9350715
0.9369633
0.97619075
0.8747199
0.9631612
0.9625937
0.89310837
0.8752725
0.36858058
0.74201363
0.7243774
0.97185624
0.89190537
0.4795109
0.8571759
0.98613274
0.93412
0.86565936
0.3753815
0.6656954
0.9836255
0.8413068
0.91501254
0.91616654
0.9867732
0.74574524
0.49237317
0.7288975
0.8739375
0.98787165
0.9758666
0.26905307
0.74708927
0.9212381
0.96551913
0.9920819
0.9644024
0.97240406
0.79937214
0.9733363
0.98335636
0.85818535
0.9637926
0.8621304
0.8729883
0.98410946
0.97449094
0.99378395
0.9404259
0.9872731
0.96117836
0.6593532
0.9729064
0.9350554
0.9769842
0.8184752
0.98158914
0.95111233
0.9834663
0.9832907
0.9261002
0.9432288
0.7185669
0.9723927
0.9555929
0.98676634
0.91738623
0.84931487
0.9795577
0.9816875
0.9715299
0.9257119
0.88562936
0.9903582
0.752564
0.90889585
0.9147096
0.9623368
0.95651776
0.9026994
0.69714606
0.87444764
0.9256342
0.85070544
0.8910879
0.7923664
0.9793357
0.91635674
0.8826605
0.81712544
0.82397616
0.9897093
0.9788562
0.6366609
0.9876467
0.97813064
0.7649441
0.99061126
0.99149066
0.9734161
0.9333289
0.9915782
0.62563825
0.25302064
0.9929132
0.92565465
0.9473098
0.606925
0.9439156
0.89594984
0.2893713
0.9539664
0.9552945
0.7863431
0.99084854
0.9381911
0.9766027
0.82640946
0.8368655
0.54301107
0.7325289
0.7359699
0.77526516
0.071354054
0.6716614
0.5507524
0.9641244
0.8920388
0.9643556
0.704174
0.89871234
0.29670852
0.90302455
0.77163273
0.97443175
0.9516706
0.8955127
0.98525685
0.9756243
0.949088
0.9444341
0.9844552
0.82540643
0.96073604
0.8248571
0.9858948
0.82464874
0.9871033
0.96358615
0.87724143
0.96010774
0.9627712
0.50106937
0.92394793
0.9192017
0.6196505
0.9454139
0.8670513
0.8986126
0.9176125
0.91838664
0.9123691
0.8761824
0.77208203
0.695714
0.9843626
0.8637712
0.6297226
0.77794313
0.9770767
0.47104073
0.75546896
0.95718634
0.9324666
0.85550624
0.9422901
0.9925079
0.9544126
0.99019533
0.7342161
0.9783766
0.9571202
0.79998976
0.11759365
0.46771896
0.6559635
0.8137814
0.71898675
0.80522245
0.96777916
0.83226097
0.25574204
0.98098963
0.7053626
0.9629188
0.8788407
0.9320894
0.95847994
0.96791416
0.87089574
0.889137
0.8443922
0.93278766
0.9712516
0.96236515
0.72907966
0.9077236
0.9772816
0.9905115
0.9902402
0.97107655
0.99409
0.9152747
0.7267553
0.81941855
0.8673599
0.96721464
0.94999987
0.9332561
0.9651658
0.8507024
0.98602086
0.3409413
0.86762375
0.9554353
0.9773678
0.54338676
0.98979074
0.9563413
0.9808358
0.98431987
0.9401024
0.974282
0.98505974
0.8801574
0.6724449
0.9829912
0.9800583
0.6139046
0.94485927
0.9779514
0.988326
0.99195766
0.6495836
0.802492
0.9255142
0.97804844
0.7224806
0.98908615
0.91543823
0.37785447
0.8545856
0.9829912
0.66680115
0.98056763
0.9132155
0.63024825
0.91552824
0.90619075
0.8458095
0.79046774
0.5263188
0.9478484
0.90874887
0.89445275
0.9765618
0.9072792
0.53699917
0.9650061
0.9353928
0.8956288
0.6825553
0.9518063
0.9796067
0.89809513
0.92272484
0.41532412
0.9538693
0.6755045
0.98061657
0.9812003
0.88933617
0.98312795
0.98890054
0.53153
0.888594
0.9725035
0.94684273
0.99061006
0.92656344
0.67035896
0.9649456
0.85612273
0.86982507
0.9770981
0.873214
0.85050327
0.94183826
0.60819423
0.87917316
0.72811013
0.93033516
0.98594487
0.96523166
0.9897955
0.9048637
0.80322045
0.97661704
0.94746715
0.98065186
0.90835005
0.02103907
0.95745
0.9225421
0.89265555
0.7374543
0.9229702
0.9682027
0.9589997
0.7707447
0.97739977
0.6659995
0.8822546
0.976122
0.95726883
0.9540075
0.98107255
0.97505695
0.94819
0.82351434
0.9159549
0.9838276
0.83844006
0.91973597
0.96653
0.8201916
0.62444574
0.80709463
0.9440576
0.97615904
0.86926436
0.99124473
0.37209955
0.7496531
0.825453
0.9784001
0.9622583
0.86176175
0.96907324
0.9856543
0.601331
0.9110995
0.118658446
0.28268418
0.9552784
0.95309097
0.88859636
0.84821725
0.91130203
0.35158575
0.8510334
0.92708325
0.9839972
0.9547704
0.94815534
0.5761182
0.97882587
0.8352728
0.9785985
0.9551781
0.663621
0.84593844
0.9663656
0.9612974
0.9865058
0.51652116
0.87499917
0.96108586
0.93581426
0.9469121
0.98990434
0.9792979
0.98881966
0.88640386
0.7536317
0.92866933
0.9164596
0.44907355
0.8989416
0.87497014
0.94831115
0.9753201
0.89788055
0.44503525
0.69143385
0.51070493
0.88863504
0.68970126
0.8444565
0.9220717
0.8857513
0.38560718
0.9896841
0.9844966
0.9861281
0.98572415
0.9677458
0.94163764
0.22200333
0.6094506
0.82206124
0.28114802
0.99230075
0.87694275
0.85077375
0.13661093
0.7420131
0.91967154
0.9258523
0.98033077
0.9513033
0.9788279
0.95760626
0.71107954
0.661886
0.7590147
0.06633544
0.95911163
0.9310983
0.9480072
0.96363217
0.93052393
0.9810042
0.9124719
0.34144032
0.92262346
0.94979364
0.9866716
0.6954438
0.95855457
0.87849206
0.92805415
0.98102564
0.8004829
0.9366478
0.73704594
0.88772726
0.9666864
0.62599254
0.9480451
0.92563224
0.9129141
0.91177976
0.95073277
0.83250296
0.8792978
0.9569541
0.99160403
0.96906585
0.9452402
0.8484819
0.9131153
0.98329526
0.94753
0.84744865
0.9451152
0.815648
0.9768355
0.9403366
0.9710773
0.6798998
0.9884063
0.8995352
0.97247666
0.98676586
0.93205845
0.95168936
0.976334
0.87632537
0.5073201
0.989011
0.96074045
0.96701235
0.7343719
0.7895314
0.99149984
0.97523403
0.965134
0.9885584
0.9025173
0.9702444
0.8850402
0.9815289
0.9929054
0.98628783
0.9418363
0.95599896
0.96628934
0.6024222
0.5017342
0.9575934
0.63970673
0.97111094
0.6048582
0.5994239
0.9908173
0.96871626
0.98995775
0.8206916
0.89429814
0.7913502
0.654136
0.98493665
0.88101554
0.92012817
0.9297451
0.96124643
0.3170218
0.8751188
0.9392685
0.72330594
0.9482086
0.92586046
0.80035913
0.93272203
0.964214
0.9858641
0.9600683
0.92270416
0.7851452
0.98451555
0.98515123
0.98385715
0.30177993
0.8438053
0.9070199
0.9217903
0.6875911
0.9815732
0.9852496
0.97210395
0.96759874
0.90559775
0.8430213
0.13123102
0.98039836
0.87970597
0.9803892
0.21394256
0.6493641
0.9541936
0.9777663
0.8133072
0.9095954
0.9765954
0.90306616
0.9689396
0.6124148
0.36795768
0.85262483
0.865938
0.969942
0.9392744
0.77394253
0.97461075
0.9799713
0.9720034
0.70828295
0.9460997
0.9441834
0.9924488
0.43842462
0.7639549
0.94928354
0.98828554
0.80206275
0.9752364
0.9742667
0.96082217
0.92965657
0.97555417
0.9240347
0.81904334
0.98630106
0.97157806
0.90574306
0.8096012
0.80009884
0.95578104
0.9237344
0.40166554
0.88036233
0.91739726
0.97756654
0.97098553
0.81641906
0.6598395
0.978509
0.8465237
0.9632815
0.9825392
0.9760854
0.8938359
0.8394309
0.97974235
0.9377917
0.989431
0.96200496
0.38194412
0.36479104
0.4963839
0.9129315
0.9534594
0.54359865
0.6208531
0.97898614
0.9842279
0.31019112
0.55599016
0.9453993
0.75193334
0.85755545
0.97631216
0.97682697
0.9204318
0.78191453
0.9454222
0.9581265
0.82750225
0.9904969
0.65547234
0.96482843
0.5162102
0.989737
0.9790261
0.99344397
0.9680236
0.97540504
0.7973002
0.8838862
0.9722889
0.9069592
0.99062085
0.95664316
0.48232028
0.97861814
0.7818245
0.9935754
0.9736279
0.9559262
0.98768914
0.9805305
0.86095285
0.67078507
0.94330865
0.98692524
0.4804211
0.9235645
0.854464
0.962061
0.80028194
0.9819849
0.9873373
0.7267127
0.73477995
0.96495026
0.765534
0.30644202
0.62638825
0.7232805
0.5638157
0.92634594
0.9672279
0.9838103
0.9591956
0.907102
0.9295092
0.97981536
0.9251974
0.9712569
0.9652855
0.7115897
0.9815062
0.063269034
0.98693246
0.9405338
0.529352
0.93201816
0.17641951
0.94074225
0.83306
0.9055378
0.7714843
0.29578137
0.6060534
0.6464577
0.96146214
0.9769264
0.96029294
0.9372424
0.97171795
0.97829777
0.042342067
0.7283561
0.9576163
0.102875166
0.93850327
0.812849
0.6980729
0.8161671
0.9224227
0.9705639
0.9656471
0.42936638
0.9909747
0.94623023
0.94038
0.776222
0.99227285
0.9393397
0.9685281
0.9665079
0.8280367
0.9736893
0.96268874
0.987591
0.6508324
0.40092754
0.64904106
0.9432417
0.9793529
0.5615484
0.5997901
0.9885239
0.7466307
0.9564046
0.8189308
0.9313276
0.9666013
0.9921705
0.9328734
0.77331054
0.81484044
0.96238834
0.9638997
0.80539864
0.72207224
0.9459406
0.5676294
0.653854
0.8681414
0.6145729
0.96140075
0.78127927
0.95039445
0.9845063
0.8573041
0.9943698
0.94949037
0.59965956
0.6628285
0.6694883
0.97680545
0.8320233
0.9828834
0.9454194
0.98954237
0.6958256
0.5439246
0.90957683
0.90262574
0.9811452
0.72882754
0.9771937
0.9575134
0.81031626
0.4123887
0.9518003
0.9447766
0.984219
0.9711236
0.4474537
0.6361214
0.9842905
0.9857438
0.91747946
0.8867503
0.9914159
0.72700125
0.73876864
0.8986486
0.9798823
0.8302009
0.7888148
0.7522402
0.9473028
0.843934
0.9762902
0.9484275
0.9854872
0.51253074
0.87745064
0.8763423
0.80851847
0.8386733
0.97348815
0.9844891
0.984313
0.81670135
0.87688905
0.94552684
0.86031836
0.976279
0.9010446
0.12242803
0.8012373
0.4529125
0.60035115
0.9796228
0.9886079
0.97920954
0.9372002
0.90815973
0.5654682
0.9814107
0.80376744
0.98644406
0.9300926
0.9557455
0.9485347
0.96096396
0.6167384
0.99703264
0.95716417
0.9453199
0.89662737
0.94884276
0.9254659
0.16511028
0.8696344
0.9880376
0.9635075
0.9815599
0.9878418
0.9469945
0.9611423
0.98095405
0.77185875
0.97352695
0.8165747
0.9876758
0.93654436
0.94947565
0.9559434
0.991975
0.75555754
0.9337121
0.9647973
0.9789301
0.78145146
0.96261287
0.84785837
0.98529005
0.5247016
0.9884288
0.97830427
0.5999322
0.8112291
0.93711746
0.9853101
0.49662277
0.7132391
0.5393164
0.9765612
0.9587423
0.6359001
0.97778225
0.9257718
0.97570944
0.93999493
0.9246176
0.29074326
0.9754562
0.96051395
0.7928948
0.94872934
0.6994622
0.9767345
0.80250716
0.853294
0.86850774
0.59369
0.97616065
0.69397706
0.9446887
0.82746273
0.96979284
0.9794927
0.9875485
0.9539964
0.50941247
0.9351456
0.75348675
0.91277206
0.9488946
0.7996287
0.6463285
0.729006
0.9091723
0.9891426
0.8247354
0.99085337
0.939471
0.9483884
0.42316145
0.93238884
0.9765428
0.9197292
0.90287685
0.9939038
0.9757313
0.9850026
0.977781
0.7860133
0.91381603
0.6331247
0.7040992
0.7827296
0.9117299
0.99024487
0.8123935
0.7845434
0.99044776
0.66150945
0.82087994
0.93482697
0.9338488
0.99331737
0.98614013
0.98476833
0.7033768
0.8862499
0.34413013
0.9954501
0.9714012
0.92159426
0.96250707
0.9451136
0.91653323
0.7528221
0.36818108
0.90038306
0.56057745
0.9269497
0.36161825
0.9677705
0.44355837
0.94209784
0.9074644
0.9775004
0.7740199
0.9896455
0.8761544
0.6569917
0.26100928
0.93695253
0.7757452
0.30649528
0.9893728
0.56022793
0.89834875
0.99005336
0.8739967
0.46976134
0.9136916
0.98421925
0.9525083
0.98905843
0.42978558
0.8719339
0.7554603
0.9535632
0.049526248
0.97709835
0.91094524
0.91306365
0.97790444
0.9720383
0.8043723
0.89986897
0.9765954
0.89467394
0.8818608
0.58798033
0.7783945
0.56849104
0.99432796
0.9803972
0.3768972
0.022211924
0.9943416
0.63456565
0.69586843
0.72793907
0.26461565
0.857289
0.7829298
0.9578953
0.9497781
0.54399365
0.89906526
0.75833523
0.9715134
0.6135055
0.8996274
0.9404871
0.5689668
0.9023729
0.9771548
0.8737964
0.80742437
0.98745245
0.64217937
0.95117646
0.8713345
0.9154189
0.95394623
0.85135657
0.9363683
0.93173873
0.9583618
0.9743843
0.9769091
0.98720574
0.45465758
0.9851365
0.95867765
0.98252994
0.45590857
0.9844624
0.98803896
0.77674675
0.50224984
0.955036
0.8224151
0.98970526
0.9075448
0.9393394
0.98836935
0.98033154
0.87770355
0.73019123
0.39665622
0.8302914
0.65548503
0.9272391
0.9444173
0.99039805
0.8161146
0.9484786
0.8838093
0.31906855
0.33633038
0.9855321
0.73639214
0.8013661
0.7477127
0.97736746
0.9869834
0.7558983
0.6599788
0.15871081
0.6445724
0.9889253
0.95289874
0.90776575
0.71709955
0.62966573
0.39888588
0.63712364
0.9413124
0.96148264
0.96758914
0.79416245
0.32787973
0.93447083
0.9514551
0.94749874
0.08641337
0.9357184
0.9382713
0.94265014
0.77612764
0.9691321
0.4792351
0.91894543
0.9533648
0.9783891
0.9827743
0.3019689
0.9677995
0.62936187
0.95969206
0.96697927
0.6307341
0.9531388
0.8646978
0.93886167
0.8575821
0.98659396
0.83938867
0.96581364
0.98871696
0.5435528
0.99180156
0.97278273
0.6877255
0.9269945
0.9889342
0.99300426
0.8042936
0.67471194
0.89203143
0.9207418
0.9649442
0.88268363
0.9839258
0.99261206
0.9305613
0.8725637
0.9558933
0.9842403
0.98126626
0.98379654
0.81560844
0.14202502
0.9316719
0.9571298
0.44889688
0.9068577
0.90712035
0.97323984
0.9385206
0.8058295
0.94940186
0.9028735
0.9182086
0.97576433
0.97851896
0.9599318
0.9880691
0.62058926
0.85635614
0.9679152
0.9874999
0.94807947
0.24796622
0.83428705
0.68592685
0.96467555
0.9650719
0.77694815
0.8786163
0.9653234
0.97116494
0.6494178
0.79726446
0.99188703
0.44868386
0.81984144
0.7385251
0.98447937
0.70716816
0.06324503
0.9693289
0.9337374
0.988069
0.6623369
0.9353895
0.9368217
0.8473061
0.8740075
0.9697935
0.95392877
0.98441905
0.9879233
0.9850841
0.9462508
0.8618678
0.9917319
0.98687613
0.9927194
0.6963188
0.3566524
0.5940581
0.661759
0.96677285
0.8623616
0.9767592
0.9809895
0.9639946
0.9406066
0.9850193
0.98087776
0.6989003
0.46733838
0.7566717
0.98023075
0.8785626
0.9012602
0.9865562
0.98826593
0.94418204
0.88935566
0.863653
0.9601042
0.0019869714
0.18086354
0.9390595
0.98407364
0.94903857
0.93623984
0.16190578
0.9803397
0.8831256
0.9025945
0.8867307
0.98294294
0.10208834
0.9866594
0.840558
0.08937299
0.97774327
0.92186093
0.9840275
0.44548145
0.5029945
0.97860444
0.90240663
0.03285558
0.83319145
0.3313218
0.915696
0.933435
0.7719966
0.8084431
0.88292456
0.8943688
0.8524421
0.88982415
0.93743896
0.8989571
0.89070773
0.91193455
0.4950119
0.57025117
0.92344636
0.96457446
0.7117912
0.78244334
0.9394808
0.8708289
0.9727675
0.9925484
0.7781224
0.8995034
0.9609463
0.9837895
0.9230768
0.36980653
0.99402964
0.97815436
0.8960249
0.98318404
0.97457707
0.74274796
0.88992506
0.98850644
0.9816005
0.72930515
0.906796
0.9874917
0.71787244
0.9563954
0.98461366
0.9462619
0.9328019
0.74108374
0.5824235
0.9806718
0.85615075
0.92422235
0.9255102
0.6492404
0.98711455
0.5482392
0.8964563
0.878823
0.97835404
0.8530738
0.37221342
0.9690517
0.46601477
0.9962949
0.844407
0.99057674
0.9595586
0.99385744
0.893677
0.98267317
0.9880042
0.8348513
0.9626975
0.98555726
0.9326042
0.94129455
0.94650257
0.9851247
0.9267296
0.9771469
0.978957
0.93026036
0.8045621
0.99026394
0.8348785
0.9827513
0.86169785
0.9544879
0.037786033
0.79423344
0.2953851
0.45374447
0.60018975
0.79293686
0.98227316
0.96928036
0.97983336
0.95686615
0.9666207
0.95553726
0.51138324
0.9762162
0.2548876
0.96287096
0.69434494
0.98976517
0.8440149
0.92814624
0.9917578
0.96391153
0.9918759
0.78268117
0.121473074
0.9630179
0.66318315
0.9289614
0.99087596
0.93457556
0.93072927
0.2987271
0.96812034
0.9596227
0.9779164
0.9869081
0.91232026
0.9852761
0.98243666
0.9267132
0.8340466
0.91063374
0.77325284
0.98694605
0.9978411
0.96138024
0.964055
0.9633726
0.680682
0.7906496
0.93577904
0.8455341
0.8788925
0.92856973
0.61659676
0.54367024
0.8825684
0.880095
0.89035755
0.9651027
0.8975945
0.35362324
0.9698944
0.8364366
0.9926351
0.9869587
0.6518117
0.9888759
0.9660887
0.8314166
0.86898655
0.8605359
0.6068269
0.9432295
0.72709817
0.42384937
0.9864027
0.9136113
0.4701517
0.94523084
0.97905195
0.98830056
0.97989804
0.9197395
0.9888649
0.692526
0.91550535
0.8997402
0.69592506
0.9439484
0.9902541
0.96019727
0.5730936
0.976546
0.63136375
0.95155
0.9882825
0.91691613
0.9860407
0.6509413
0.9634951
0.881602
0.830078
0.9247654
0.69871366
0.996858
0.9240655
0.83957595
0.9775044
0.46585447
0.96594816
0.92289704
0.32706365
0.765262
0.20156252
0.87570494
0.98324096
0.99151236
0.80490917
0.913614
0.8904492
0.75145906
0.9432598
0.5811883
0.95472586
0.82051325
0.8657546
0.9855643
0.93829817
0.87234706
0.9178202
0.10860476
0.96421754
0.91104627
0.9526693
0.9758616
0.77835155
0.91259223
0.96437144
0.99054176
0.4858214
0.4032243
0.6942881
0.45261368
0.97862554
0.72776645
0.98093504
0.98441076
0.34635484
0.7133993
0.46471405
0.8646048
0.9661329
0.9358635
0.9180338
0.9487917
0.9818009
0.96486014
0.84212816
0.9600942
0.98666906
0.97686565
0.9207871
0.8989197
0.6284858
0.9039272
0.93242186
0.5008
0.9690726
0.99042493
0.9788052
0.9794031
0.9107526
0.8272876
0.92045325
0.23133187
0.895478
0.92848617
0.8147049
0.42706442
0.9821003
0.6517804
0.7688042
0.6901807
0.50871813
0.96271205
0.9766866
0.8734976
0.9335189
0.86644405
0.78571904
0.65995955
0.9716343
0.91793585
0.17039815
0.90365565
0.9140979
0.9869379
0.9881322
0.90665376
0.9768197
0.9748849
0.71369696
0.9842924
0.84760964
0.9903134
0.94150794
0.19887085
0.7427613
0.9849771
0.9912985
0.39973348
0.9595273
0.60946065
0.93303657
0.9269243
0.93561333
0.7350119
0.8481118
0.96793985
0.9858453
0.99323964
0.5238535
0.99248815
0.9832848
0.70047706
0.9028756
0.6604591
0.70942247
0.7328534
0.9503747
0.88442093
0.98325276
0.95731884
0.95753205
0.5211703
0.6343068
0.40988716
0.869217
0.3814494
0.16063195
0.98315316
0.9104878
0.97078866
0.86493814
0.97985804
0.967578
0.9117343
0.6423444
0.98707724
0.9893366
0.8314608
0.9807123
0.91754436
0.693254
0.9863196
0.62253565
0.9617186
0.9595588
0.98330194
0.9879489
0.9710642
0.77158844
0.5247591
0.980827
0.7865979
0.8878652
0.9896836
0.9820035
0.9411004
0.7291081
0.9783351
0.51964617
0.9510047
0.6576341
0.9292836
0.91645503
0.9528341
0.81846136
0.8665545
0.88758636
0.97530895
0.98249024
0.99473345
0.97544914
0.98574555
0.8813772
0.98714024
0.93122303
0.977061
0.9286516
0.97511894
0.9907684
0.9137626
0.9809064
0.96130973
0.9933084
0.8561964
0.9935502
0.984983
0.97991645
0.9544864
0.9606342
0.9758458
0.9471406
0.885123
0.21037515
0.8732511
0.8929625
0.741793
0.96911734
0.8439587
0.4429591
0.9878622
0.7688668
0.42175892
0.39301956
0.98564965
0.7065193
0.9883605
0.5699275
0.81690824
0.88747436
0.95671904
0.75956106
0.9669192
0.94595355
0.9743584
0.97359836
0.7709449
0.89809877
0.98423046
0.92579377
0.9759931
0.92952985
0.31407842
0.97470766
0.9915776
0.94986796
0.96189946
0.6436161
0.98662275
0.9700153
0.86361
0.8161669
0.5344808
0.9990564
0.93599856
0.93988323
0.95611185
0.9657747
0.9726672
0.60843694
0.9388305
0.70853406
0.93290365
0.9851403
0.9813797
0.98391634
0.92652744
0.9576897
0.63192403
0.9670095
0.8349015
0.9118732
0.860228
0.99099344
0.98834527
0.99086994
0.64985985
0.9698879
0.69662744
0.9062038
0.9617373
0.97282344
0.8597395
0.91101044
0.5960992
0.9148096
0.9453605
0.96909213
0.9890772
0.7027543
0.98579943
0.52171147
0.02800157
0.9441739
0.86176896
0.8788034
0.9865849
0.97658634
0.9194467
0.5748885
0.7129396
0.92420435
0.8904839
0.9391295
0.7574822
0.9880062
0.5657792
0.832894
0.983346
0.75917035
0.7280728
0.9125564
0.9897271
0.93040335
0.94005597
0.9512801
0.978959
0.9671226
0.9685772
0.9349597
0.9853748
0.9783861
0.9679226
0.9857599
0.97876954
0.9862656
0.98557854
0.91296923
0.971678
0.9758458
0.906195
0.987143
0.9830093
0.66313136
0.9245841
0.9107703
0.86540306
0.9228347
0.8088069
0.98185754
0.6619053
0.9032024
0.9616923
0.9567489
0.9863251
0.89604795
0.34058657
0.9854835
0.9431136
0.78390574
0.9156888
0.91614896
0.61784303
0.92670643
0.86669505
0.9541822
0.78048795
0.8928327
0.8980708
0.97821516
0.8049236
0.5711496
0.90186113
0.692421
0.80623716
0.8268437
0.8527972
0.8574928
0.8239001
0.94046074
0.9539218
0.9828623
0.977001
0.9900885
0.7192015
0.93829346
0.88226765
0.9772793
0.6357132
0.9170271
0.9728065
0.9847289
0.9848492
0.47572893
0.97716784
0.9892074
0.9675355
0.57474107
0.9198737
0.9877801
0.79216146
0.98169506
0.9158646
0.9733931
0.9637172
0.90412056
0.550759
0.96831447
0.94011694
0.4212639
0.24674548
0.93825537
0.8810293
0.9307373
0.94748425
0.99121994
0.9439072
0.9026401
0.98471457
0.98432297
0.88567764
0.9327917
0.87536454
0.99541533
0.90516865
0.9247828
0.38378048
0.9308895
0.48354107
0.89342797
0.9401221
0.9887856
0.8857426
0.96755576
0.5067424
0.9669415
0.6076196
0.99358577
0.8481199
0.80886847
0.25593716
0.2562874
0.8671624
0.55481315
0.39174923
0.8458835
0.9094971
0.9605302
0.42767215
0.7587791
0.9706947
0.8441756
0.95947397
0.9666513
0.97457176
0.9439485
0.9051199
0.9677904
0.99150425
0.99383485
0.5571049
0.3490561
0.97289556
0.8829034
0.9875146
0.57539946
0.9803703
0.98919195
0.54137146
0.9272881
0.9722263
0.74049187
0.07634359
0.99219745
0.97632605
0.9502537
0.99420977
0.9711601
0.8246789
0.97843003
0.91142786
0.92155063
0.88184917
0.38294613
0.8062555
0.95693237
0.6971368
0.9847845
0.82369167
0.85855615
0.9607041
0.55588377
0.97717595
0.21184638
0.9712796
0.83221143
0.67773676
0.9832758
0.97249186
0.8839218
0.9650804
0.9748273
0.6626701
0.71307117
0.98670316
0.9744203
0.9506183
0.93074125
0.88469446
0.8363651
0.3775014
0.9101199
0.83613956
0.84582555
0.73862344
0.91489697
0.90342635
0.9294884
0.94953275
0.9737791
0.85461575
0.9422257
0.9432028
0.98422676
0.923437
0.8185984
0.95875615
0.9213935
0.9286314
0.44049644
0.932597
0.7288048
0.96443164
0.9828188
0.96384233
0.93573064
0.97444814
0.78410745
0.9516882
0.9248119
0.8774847
0.88181245
0.7924881
0.85314137
0.79289496
0.5267765
0.9812471
0.984608
0.6261839
0.76575965
0.96129906
0.93117434
0.7555502
0.70225626
0.3343605
0.98897797
0.9851902
0.7335802
0.941067
0.97755194
0.983487
0.7636037
0.9782784
0.9484614
0.95731634
0.8119341
0.6834933
0.65962476
0.9799287
0.9881714
0.8631632
0.9597593
0.71663976
0.98973584
0.9778802
0.92460334
0.956042
0.95853484
0.8642395
0.97230464
0.909509
0.7792587
0.9021755
0.9534612
0.83738315
0.82606137
0.68923736
0.75504065
0.9462084
0.8463221
0.40848935
0.94578063
0.9801783
0.93365175
0.8248133
0.9350314
0.8080013
0.8582908
0.77268314
0.986193
0.8752748
0.98778325
0.9757023
0.77872676
0.95844316
0.9397339
0.9691023
0.20473294
0.87154704
0.9819896
0.97157246
0.54706734
0.9352107
0.8010401
0.95829177
0.97727466
0.9939686
0.983284
0.9287007
0.9337874
0.973956
0.9636284
0.9884065
0.971934
0.64840597
0.98626685
0.98168993
0.6522386
0.99069583
0.90949136
0.9936918
0.92829096
0.8953591
0.9372937
0.61364436
0.92608434
0.9527586
0.7274779
0.76794
0.9679693
0.98497254
0.99096936
0.98819494
0.9894098
0.9197713
0.9598588
0.73507947
0.98038816
0.9928156
0.987245
0.9962031
0.80739486
0.96200395
0.6910397
0.9383183
0.97437674
0.9768762
0.66736114
0.81518847
0.92494404
0.97790545
0.96305484
0.94737184
0.8912245
0.9365501
0.952965
0.9263233
0.9787386
0.7571074
0.50408596
0.8900649
0.9618365
0.9893083
0.9740313
0.61838627
0.97358364
0.35699546
0.6457998
0.96078753
0.94130933
0.98667544
0.9505038
0.902191
0.63198334
0.949229
0.952544
0.93931764
0.9258333
0.9066086
0.9111764
0.52595836
0.949894
0.8887642
0.41463867
0.9006947
0.9651259
0.91683185
0.51014954
0.6778947
0.86228275
0.9100826
0.8733464
0.66702956
0.967442
0.96486706
0.9841195
0.96383923
0.9386415
0.89249617
0.9502875
0.77125597
0.9727365
0.9682782
0.9626184
0.9288576
0.8825463
0.7445327
0.6459066
0.9819742
0.97142947
0.95083827
0.55506134
0.92813647
0.8369435
0.57237625
0.97475296
0.92913437
0.7244971
0.98594993
0.95527935
0.8024346
0.29349664
0.42202103
0.85838825
0.9874463
0.8130658
0.94935834
0.95979714
0.9617291
0.7619681
0.9421983
0.944469
0.8854494
0.8263806
0.9747293
0.5889763
0.95566034
0.968095
0.9817069
0.81349605
0.8651909
0.18662933
0.9603488
0.9823653
0.18547675
0.7635182
0.958149
0.49632457
0.8832438
0.9279841
0.8903525
0.9896612
0.95494336
0.9607883
0.98909134
0.7544105
0.92614996
0.9904883
0.7830912
0.69617337
0.9827692
0.9977083
0.7194671
0.9668734
0.67440873
0.33160117
0.94306517
0.9529638
0.9449015
0.97407913
0.0037301145
0.9899127
0.88177973
0.946968
0.9502074
0.7748003
0.9719757
0.70854807
0.93161386
0.4736864
0.80733114
0.82501054
0.9488356
0.86008734
0.9086035
0.94977504
0.97652483
0.9921291
0.98394716
0.71738416
0.9810095
0.91892993
0.4723824
0.98583555
0.97738236
0.94152844
0.9305361
0.99366766
0.8400715
0.9435667
0.9846994
0.9720523
0.9628083
0.94765466
0.85332155
0.96912766
0.9365657
0.95436275
0.97618264
0.955674
0.9588496
0.98659986
0.7890658
0.9479462
0.9728291
0.9763932
0.9098609
0.6457112
0.63501906
0.93390685
0.70097226
0.803304
0.8035229
0.5681532
0.9528817
0.9875136
0.699274
0.89291435
0.7716939
0.93593246
0.98003125
0.7702382
0.7916484
0.9737326
0.64462477
0.9728352
0.9384285
0.9722758
0.93963295
0.80824256
0.414212
0.7919647
0.7373233
0.18149215
0.6783713
0.9156684
0.59047365
0.984807
0.9830589
0.9606337
0.64920807
0.8338765
0.8830116
0.80618334
0.84824187
0.9729446
0.99003404
0.9823704
0.9878884
0.95269793
0.60723966
0.9155912
0.9358626
0.9690879
0.89257413
0.8060185
0.9245917
0.83111227
0.9768221
0.5288321
0.8295556
0.8356917
0.9217337
0.33697686
0.9819136
0.7468997
0.96736485
0.985202
0.8998447
0.7409182
0.9051324
0.99144757
0.84598297
0.9898565
0.36029023
0.98149383
0.8812447
0.83859146
0.9436494
0.598764
0.64869916
0.9223374
0.36924165
0.9202427
0.32993606
0.55776036
0.85758513
0.94823784
0.9884494
0.97617096
0.7452313
0.98452455
0.95300186
0.26545876
0.89623994
0.91796255
0.99045724
0.90345097
0.96860284
0.9362572
0.9391223
0.9681093
0.9310184
0.46253467
0.9248542
0.8771864
0.32213724
0.9924036
0.9869113
0.7914068
0.87308615
0.9917571
0.2841688
0.63016206
0.96328264
0.95541435
0.983922
0.93395954
0.87090534
0.98767173
0.48913428
0.9507725
0.9700997
0.6017175
0.95146185
0.89622945
0.9911289
0.93518025
0.9788746
0.29960966
0.9718444
0.9697982
0.97062373
0.9737299
0.82465494
0.8921894
0.75524586
0.9775547
0.9555698
0.98970395
0.63135785
0.8895222
0.74240637
0.8724341
0.9282799
0.9733339
0.8534175
0.94532365
0.9247954
0.8539601
0.76021206
0.97492594
0.8952629
0.71008265
0.976659
0.555319
0.96876526
0.96725297
0.98385435
0.42080837
0.96802694
0.40527064
0.6828001
0.98999757
0.9289353
0.7982168
0.6150374
0.3802619
0.94779444
0.7058506
0.9895163
0.67527467
0.9653782
0.8381865
0.9958638
0.99288803
0.7051455
0.587586
0.85102093
0.37685448
0.89189893
0.91511333
0.8275606
0.98981327
0.9851323
0.9438214
0.2815018
0.024789186
0.7347337
0.92653376
0.89771664
0.45296994
0.97786784
0.65201265
0.8633007
0.8843492
0.9158677
0.8982606
0.86942554
0.7731896
0.9868645
0.97790635
0.96632564
0.6476543
0.9907045
0.63445544
0.9463063
0.042126462
0.9714116
0.79260784
0.6884948
0.8736617
0.5697938
0.972926
0.9378692
0.9150831
0.9452876
0.94313735
0.9847958
0.9538563
0.99015325
0.9555697
0.87936026
0.8191363
0.8753503
0.98540443
0.5263041
0.8420952
0.42567903
0.94875556
0.96342975
0.91733706
0.7632956
0.94532555
0.9724037
0.4844566
0.7407206
0.8007146
0.8692757
0.22839803
0.86575514
0.832232
0.98299533
0.98682123
0.04157344
0.7870116
0.61787033
0.8666425
0.72489494
0.8996774
0.952391
0.97564006
0.9928853
0.8307691
0.0020034392
0.68994075
0.23456836
0.84411573
0.86063987
0.0033488998
0.83124566
0.8383451
0.91807497
0.8756445
0.8298717
0.81063414
0.98604465
0.93492925
0.9634093
0.89110893
0.83407944
0.96019906
0.9685309
0.8423383
0.07193095
0.9926448
0.97883683
0.9130547
0.7713621
0.65519345
0.92959154
0.2254871
0.9594909
0.96517587
0.9941677
0.9726742
0.9000663
0.9621836
0.9712743
0.7617741
0.9519393
0.94685054
0.83000016
0.80842495
0.9030895
0.96212673
0.98434585
0.91335475
0.62330556
0.9355457
0.53382874
0.7602633
0.8955132
0.7763165
0.8554698
0.867766
0.94515705
0.97411186
0.9378625
0.8367861
0.7620081
0.93216085
0.9315883
0.9596343
0.8939383
0.9819162
0.923834
0.86015093
0.39872494
0.9690981
0.85714334
0.35249823
0.97592986
0.7004477
0.9653504
0.7395866
0.9714631
0.83324885
0.9548324
0.98669356
0.62662315
0.89435625
0.95588654
0.93478644
0.9859137
0.70981234
0.66863465
0.9599216
0.8797982
0.98735785
0.97974753
0.98381525
0.8035197
0.9665521
0.93460315
0.6209517
0.99362224
0.9653085
0.989012
0.88201267
0.8921015
0.9881166
0.9697021
0.8543173
0.8385669
0.9343836
0.5446109
0.3722085
0.95823777
0.81828165
0.82980686
0.93780786
0.9491468
0.91614825
0.82885593
0.92512554
0.44394594
0.9463663
0.6893217
0.8642106
0.46830747
0.9778987
0.93919945
0.90558785
0.7062632
0.9809717
0.9831951
0.7013378
0.9830562
0.9812251
0.97151965
0.9373093
0.8335656
0.96684384
0.9329074
0.95108753
0.9772792
0.9606579
0.9286381
0.8774348
0.98917025
0.8853644
0.8958675
0.92399514
0.9888108
0.80039275
0.9926643
0.9707064
0.8984055
0.8295067
0.89862186
0.90660155
0.98662263
0.8670612
0.6992298
0.88721544
0.9317932
0.7443778
0.82996225
0.86454684
0.23396687
0.26984936
0.948852
0.9885865
0.97050744
0.9355863
0.9913071
0.9562832
0.8834849
0.70079684
0.9689594
0.93362325
0.82130015
0.88246787
0.74767476
0.40511915
0.9602951
0.9545743
0.76214546
0.97244734
0.880364
0.9260546
0.91063297
0.9602703
0.8024208
0.90033406
0.8158402
0.9814532
0.8894219
0.9669194
0.9766036
0.9852388
0.8899081
0.5102431
0.9200175
0.8183583
0.94772494
0.9896457
0.8980454
0.90991616
0.9299957
0.98415333
0.9142169
0.9484483
0.921313
0.94060355
0.41260716
0.5266176
0.89775306
0.93694896
0.99331856
0.9766996
0.94572926
0.93970424
0.90410054
0.9917086
0.9260282
0.9750549
0.3190383
0.9655214
0.3854531
0.98062724
0.95172167
0.9654907
0.8346208
0.9875801
0.9665759
0.95289063
0.98172575
0.87963873
0.62547517
0.6956011
0.91927814
0.9905129
0.9900461
0.95245737
0.9723795
0.5234297
0.99083674
0.90367275
0.27459478
0.9282748
0.0026861145
0.70808476
0.8159483
0.9414551
0.4196439
0.9459055
0.9520007
0.65434
0.75621814
0.9753347
0.7739733
0.8668504
0.9854746
0.5680203
0.92534715
0.94527143
0.95514435
0.9751261
0.9879766
0.987611
0.95613366
0.9815933
0.7342027
0.98409903
0.86108774
0.9861093
0.98800486
0.99120903
0.40305027
0.9901265
0.92408675
0.7461414
0.87651205
0.900829
0.9087973
0.94413143
0.96636325
0.9840836
0.33268112
0.88640565
0.94987166
0.89927584
0.83486795
0.6679712
0.8779924
0.05892921
0.9141574
0.3548109
0.86388177
0.96370184
0.9831527
0.93482214
0.9930311
0.9884918
0.97347575
0.8907662
0.81525415
0.69479126
0.4010028
0.98390305
0.9496925
0.69048715
0.1601362
0.9840763
0.0048496835
0.97114176
0.9846096
0.94551426
0.96898156
0.97030085
0.9568563
0.79597044
0.93011826
0.67555827
0.897774
0.95741695
0.86463183
0.93914044
0.9779546
0.005521852
0.74969035
0.2313356
0.97493345
0.8801234
0.7262113
0.40292886
0.82923305
0.8491923
0.9628572
0.8597835
0.94040835
0.97316927
0.98100704
0.84116507
0.6909651
0.9127518
0.8460651
0.8640887
0.718076
0.8869697
0.93524104
0.07714229
0.90257317
0.64392126
0.53255343
0.48590976
0.5107731
0.8945446
0.85046405
0.955829
0.98477477
0.36285856
0.8663898
0.9373821
0.98140633
0.9834104
0.41719323
0.8808894
0.97317684
0.84726757
0.9597258
0.17480585
0.6952502
0.9051003
0.83120936
0.9130119
0.36508805
0.8654912
0.98084474
0.94686216
0.9460427
0.7125186
0.9150204
0.7273592
0.85204023
0.9237021
0.96550703
0.8694183
0.9074749
0.943759
0.9889137
0.8224754
0.7241896
0.9663656
0.4576286
0.6660357
0.9892251
0.9805742
0.9744571
0.82384986
0.9863259
0.58226264
0.98961264
0.9421352
0.9812321
0.9777745
0.062007386
0.64302546
0.85957456
0.8992607
0.9373767
0.9941795
0.5627399
0.42890763
0.9626257
0.91742206
0.9689352
0.9874178
0.992388
0.9507053
0.97855544
0.5286145
0.53819793
0.94430554
0.92238295
0.8770636
0.8970174
0.73989856
0.9329541
0.9655609
0.97558606
0.70915246
0.9308241
0.9582842
0.81420976
0.39421937
0.3454489
0.99035865
0.9222586
0.98640454
0.8608888
0.7423929
0.98131424
0.9210848
0.5169733
0.8017681
0.62978274
0.93614113
0.5587177
0.97715795
0.78524125
0.97513586
0.78303057
0.6840238
0.8809534
0.58596444
0.9345756
0.10539452
0.80820006
0.9468398
0.9869942
0.95774645
0.9822556
0.9627861
0.92758167
0.98635465
0.9504443
0.9899828
0.91866064
0.95675963
0.98657376
0.9817623
0.9382119
0.89765084
0.9831987
0.93248653
0.71288633
0.9870979
0.6841465
0.9790567
0.97755057
0.8583928
0.89375705
0.9068527
0.97641355
0.66688025
0.98606455
0.93188316
0.9268073
0.5184448
0.8045415
0.9565668
0.93064624
0.92968446
0.96087444
0.8290638
0.75579405
0.97945625
0.82833844
0.9872907
0.99203944
0.9776238
0.93588734
0.9938917
0.68579537
0.962664
0.95955133
0.9330072
0.9430163
0.804282
0.9449078
0.9296594
0.32444698
0.7942744
0.011897794
0.8087219
0.97372377
0.88978
0.9929715
0.9503909
0.54305094
0.92705494
0.9619311
0.9843464
0.72199756
0.9409473
0.97634333
0.9221483
0.9745661
0.98544216
0.9530407
0.8055583
0.9190842
0.67060786
0.9302613
0.9436901
0.85374403
0.98544204
0.9155043
0.9644366
0.6393451
0.43408728
0.7033315
0.953644
0.6216841
0.98974717
0.95001566
0.76006806
0.8840224
0.91871554
0.95491123
0.39884332
0.6338203
0.7890306
0.88764894
0.8346445
0.6044717
0.9919743
0.94697315
0.94876957
0.96313673
0.8894939
0.085246846
0.9568421
0.902103
0.93108493
0.98382854
0.92895013
0.98567617
0.9867489
0.9348275
0.98600775
0.9519947
0.94376415
0.93728876
0.9931365
0.9922908
0.9239382
0.950029
0.90495825
0.14493045
0.32784134
0.44606438
0.98746675
0.98689216
0.9654388
0.987387
0.8906476
0.53476596
0.45197037
0.9788503
0.8907819
0.88510215
0.915027
0.7991508
0.91206247
0.5932164
0.99189466
0.901609
0.95587087
0.74017656
0.9187239
0.9750089
0.87790453
0.9592564
0.593264
0.9391112
0.8969119
0.97726566
0.4188792
0.987887
0.90415126
0.96691215
0.9822219
0.8895903
0.9888004
0.9457867
0.9617785
0.93170065
0.84526366
0.95205444
0.9858796
0.9109525
0.9852445
0.6979414
0.98929006
0.8360937
0.7871535
0.99181104
0.95542985
0.9408124
0.67212677
0.7852148
0.97762364
0.99153113
0.845062
0.97191036
0.7116746
0.95368004
0.5786124
0.98010045
0.7302848
0.18171309
0.35344568
0.8348973
0.81004226
0.9667477
0.5476511
0.9787027
0.9728478
0.7854775
0.90743876
0.67744565
0.9778998
0.20473833
0.9744383
0.9183215
0.9741823
0.94059265
0.98249924
0.98349774
0.9590442
0.96596545
0.99436224
0.8556116
0.57021815
0.8947306
0.9643091
0.98274773
0.86167234
0.691375
0.83060926
0.60141766
0.7753893
0.52079016
0.47664312
0.9865319
0.9103682
0.9634018
0.9853454
0.85981107
0.6177071
0.96944404
0.987638
0.9215175
0.97512543
0.93324584
0.97329235
0.57508016
0.9140819
0.9197468
0.9838701
0.8354222
0.0017964314
0.84294325
0.53721774
0.9188984
0.98825103
0.97354037
0.4759011
0.91381115
0.98339766
0.9801123
0.93488395
0.72301126
0.96824604
0.96465
0.9784896
0.92803645
0.8197205
0.80848736
0.75764716
0.95216155
0.7691069
0.9617957
0.49852544
0.98112017
0.9327596
0.48743182
0.9532379
0.9030728
0.9807523
0.9894537
0.85885847
0.9799508
0.6023741
0.99495834
0.96050775
0.9470813
0.73854446
0.9297403
0.7996344
0.9477945
0.83910197
0.63524085
0.98609537
0.19066408
0.8729216
0.8380794
0.98889714
0.98343015
0.8409697
0.9032175
0.4859744
0.618204
0.43939778
0.98406464
0.0028683178
0.93343896
0.5628192
0.9726096
0.7658553
0.7966324
0.26285937
0.9514122
0.4972399
0.7342657
0.978672
0.97632164
0.98979235
0.94589293
0.9264125
0.9014623
0.98565334
0.9814446
0.98371685
0.95318687
0.9637281
0.92019874
0.9409629
0.9651461
0.9231132
0.6238232
0.95152617
0.99314207
0.45021865
0.91099906
0.9952319
0.9621625
0.57985735
0.94526184
0.967449
0.97116625
0.965291
0.99033195
0.9340858
0.9925563
0.92914003
0.82257223
0.90508056
0.96459055
0.98781073
0.3081551
0.991971
0.7616671
0.9404871
0.48179477
0.7124689
0.4045029
0.99265057
0.90063816
0.9805486
0.9783499
0.9275505
0.1636494
0.9800703
0.7199958
0.69075
0.9674462
0.98684883
0.9147989
0.9827308
0.93701386
0.6878068
0.82984453
0.45551714
0.8710421
0.9621621
0.83680904
0.9664778
0.9594033
0.85311985
0.99769896
0.9446508
0.54362553
0.67249376
0.9483857
0.8568837
0.8395402
0.86810726
0.9551608
0.98100877
0.95928407
0.55107224
0.9305664
0.9414412
0.79194397
0.9095868
0.07195806
0.90693283
0.41751656
0.3773957
0.72149557
0.946085
0.76305425
0.9738022
0.9253637
0.9732676
0.66147023
0.9373279
0.93636256
0.9107647
0.81081784
0.73725677
0.36922002
0.9617926
0.9912627
0.8329975
0.99292576
0.9229786
0.915699
0.8248149
0.807773
0.4613737
0.64300793
0.98253655
0.9903833
0.64365214
0.6273233
0.89647174
0.93954116
0.94725716
0.8555332
0.49591067
0.96373516
0.90605795
0.5939257
0.65911335
0.6548477
0.97950214
0.7195919
0.96742576
0.8590451
0.88197136
0.95019096
0.9237843
0.989953
0.16799328
0.8803835
0.9193682
0.98238236
0.9733699
0.9867975
0.99059045
0.9457047
0.31972823
0.9859621
0.68842286
0.7387581
0.9146572
0.9812645
0.98800176
0.9608792
0.9700318
0.64524734
0.53629136
0.98660177
0.963788
0.9538473
0.94869834
0.4042045
0.8880776
0.022358589
0.9266836
0.8944683
0.9580697
0.961736
0.95947987
0.9477528
0.9028346
0.974881
0.9067689
0.9877912
0.9561146
0.97929907
0.9934222
0.9493435
0.4100091
0.95755786
0.43897304
0.8993777
0.96430904
0.9594937
0.9627185
0.51555014
0.9491567
0.97806853
0.94806445
0.85970175
0.95958143
0.90595543
0.9392906
0.9872196
0.96967715
0.9720427
0.69009084
0.9343896
0.9800204
0.9883726
0.98654246
0.9280036
0.97764915
0.98326576
0.88381106
0.953577
0.028018212
0.71518606
0.9365039
0.92540824
0.96839833
0.7286854
0.76461655
0.9664345
0.7388728
0.75464153
0.7538466
0.70267767
0.9718998
0.9859221
0.9299512
0.92911977
0.8599634
0.9218397
0.9622134
0.98012036
0.7390136
0.93054414
0.9706014
0.9815
0.95834845
0.9770571
0.79559094
0.7599996
0.986078
0.990289
0.9640924
0.8522502
0.9232807
0.954955
0.9741832
0.47206232
0.34757438
0.9837284
0.97807753
0.9861718
0.9871155
0.7668786
0.9433432
0.58999467
0.9585223
0.8841139
0.98077595
0.88447356
0.9868615
0.6719757
0.876841
0.7803665
0.9573478
0.36814752
0.9779661
0.98418856
0.17872836
0.80938065
0.7002482
0.94112444
0.93073267
0.9406984
0.71303886
0.6079715
0.9449256
0.76457065
0.66117686
0.9924832
0.89359635
0.8250777
0.98211277
0.9273808
0.98707134
0.9817454
0.9172575
0.9147033
0.95489204
0.38011178
0.40745413
0.97977877
0.98104024
0.9730718
0.9560209
0.9716845
0.7090055
0.77092385
0.9418766
0.9189044
0.991297
0.9837648
0.7001288
0.9591238
0.88698864
0.80822176
0.7045446
0.95246005
0.9268287
0.96842784
0.95686036
0.96802753
0.43660215
0.99091715
0.9268449
0.8818131
0.6555202
0.9895942
0.9703302
0.97672087
0.9063636
0.9603038
0.9881612
0.9901354
0.86448777
0.78183717
0.54891366
0.27786833
0.6325335
0.88220376
0.86771977
0.98477894
0.98426443
0.9882935
0.57568544
0.9837751
0.98091173
0.9856339
0.97559947
0.8943604
0.98700607
0.96188426
0.9946084
0.9942141
0.9902345
0.41231418
0.98690736
0.99063814
0.9886479
0.9577309
0.8935503
0.9394912
0.99027985
0.625635
0.9866759
0.7834149
0.9406861
0.36740747
0.9942614
0.92650914
0.97261536
0.72036195
0.94271076
0.9138441
0.8693869
0.9253226
0.9690387
0.91323006
0.9907479
0.89393157
0.9909445
0.94044083
0.9939156
0.9316897
0.99058455
0.8676641
0.9890582
0.77749443
0.95481205
0.6765459
0.8980152
0.73566216
0.95924217
0.6311953
0.93720806
0.15605634
0.48585138
0.46469235
0.96826196
0.9408221
0.92832845
0.95549935
0.71402204
0.9654548
0.9588994
0.9601964
0.87846166
0.91838014
0.98813814
0.95256096
0.9259585
0.951852
0.7089161
0.86872935
0.731227
0.8725879
0.66057795
0.5262209
0.6949475
0.8580643
0.9421165
0.94322103
0.95414746
0.97934145
0.49363402
0.88029164
0.51163
0.95083666
0.92209095
0.8182681
0.94614965
0.7221198
0.96125346
0.9137433
0.91564023
0.9582459
0.8910809
0.28382254
0.82752496
0.95643115
0.9954607
0.23186812
0.9848542
0.9864985
0.7534437
0.9741502
0.87224454
0.96826226
0.972376
0.7088333
0.9557615
0.62342995
0.9891649
0.6521092
0.87187415
0.53610265
0.9922989
0.81142396
0.85513455
0.56093746
0.9700318
0.97461855
0.5896222
0.9513374
0.9720953
0.99024206
0.9815152
0.87088615
0.9843255
0.9825044
0.973749
0.5510047
0.6916059
0.96915555
0.85055983
0.977772
0.9783238
0.7325736
0.9583398
0.93064076
0.5041508
0.7407629
0.91022813
0.9171514
0.65853256
0.9895259
0.9467027
0.7102218
0.9459467
0.9014296
0.99067897
0.9031163
0.89413327
0.9836669
0.9908636
0.95614815
0.9698346
0.7465654
0.9860124
0.7714271
0.97399896
0.9589364
0.8532204
0.9452641
0.9230115
0.9853394
0.9705302
0.86100876
0.8659427
0.9865889
0.9866889
0.91840357
0.9366005
0.50865424
0.8354462
0.9255406
0.9799927
0.81220067
0.96931374
0.93058217
0.98661345
0.99388266
0.991269
0.3492938
0.53346026
0.5235858
0.97893643
0.9384121
0.97988164
0.9520786
0.9726208
0.5027145
0.9258001
0.7504316
0.11544045
0.84942955
0.9529946
0.9490637
0.73651266
0.7848203
0.9887426
0.7788861
0.9341461
0.9857919
0.85095847
0.92847973
0.9881235
0.97912264
0.9542936
0.957683
0.9030761
0.88249373
0.97989357
0.78428435
0.7835942
0.9473885
0.9787377
0.90900314
0.7847221
0.1417156
0.3981492
0.9867857
0.92924577
0.7950875
0.97190666
0.91155356
0.9625181
0.52512467
0.9615839
0.97741
0.8343052
0.58905184
0.94113225
0.75466526
0.98039776
0.7653009
0.8797441
0.9559826
0.78540546
0.9265429
0.95652753
0.9287438
0.9544115
0.9476536
0.978464
0.9587704
0.993628
0.9769577
0.9682368
0.8473778
0.9354799
0.8766569
0.99096394
0.64524156
0.31741247
0.9632378
0.89679587
0.91143787
0.9878087
0.69116575
0.38708752
0.96994823
0.4458127
0.7621669
0.9455981
0.89380306
0.5385809
0.9548844
0.9878192
0.8710301
0.9863804
0.93303967
0.8000657
0.63423455
0.78604555
0.92744446
0.91466445
0.29755473
0.7172048
0.98576593
0.31958038
0.9879601
0.6991656
0.551665
0.47743627
0.83652365
0.9346238
0.6784614
0.96092653
0.97478306
0.90702736
0.9601523
0.60904413
0.9255969
0.9235266
0.9559729
0.9730137
0.9757353
0.86278605
0.8186076
0.19635133
0.9489397
0.5157769
0.97691697
0.8318427
0.9354685
0.80871964
0.6241488
0.9569251
0.91052455
0.98001933
0.9448114
0.7112569
0.7301196
0.9284423
0.5328793
0.984504
0.89820886
0.6906992
0.72331554
0.9934121
0.7380987
0.9671407
0.91695404
0.25035602
0.98322004
0.8368941
0.56169355
0.938565
0.8346343
0.95582414
0.9873072
0.44744956
0.79087627
0.97068787
0.97500277
0.335465
0.9665114
0.9869359
0.4284313
0.76099646
0.9469061
0.96518254
0.9856265
0.38463268
0.9741832
0.99171877
0.82767403
0.56919575
0.9460553
0.9550038
0.6094526
0.9574847
0.9583838
0.9083968
0.8706894
0.7367413
0.9510729
0.9959046
0.84981114
0.86294144
0.8389452
0.9460373
0.99464107
0.76704895
0.95075655
0.9852734
0.942284
0.91167504
0.9152195
0.36287457
0.75150096
0.806358
0.9634003
0.9924177
0.28247112
0.24914628
0.9388645
0.99208504
0.96083605
0.98732066
0.94865084
0.91826177
0.9822004
0.97993004
0.9440045
0.9697899
0.84742665
0.99327856
0.5916806
0.7764684
0.83791476
0.9640313
0.9747599
0.3976162
0.9447728
0.7259065
0.68819
0.98409086
0.8916068
0.8705879
0.97806996
0.8378608
0.8468816
0.9496496
0.71232915
0.7179831
0.8318904
0.8388905
0.97134453
0.97730404
0.9613792
0.31463555
0.9792837
0.8831203
0.9625529
0.9574733
0.9924039
0.7741625
0.96688306
0.8263878
0.005159831
0.9545616
0.90021485
0.38782564
0.75029826
0.9857041
0.9343613
0.729549
0.9724779
0.9913496
0.98679477
0.9950342
0.8601265
0.8709582
0.97793865
0.98686606
0.99348676
0.9489673
0.9202265
0.9547365
0.98399657
0.97760993
0.41610017
0.85403025
0.6061617
0.8667396
0.95089304
0.9003267
0.9656799
0.9140069
0.9669631
0.97526497
0.77872777
0.97698283
0.9591352
0.07555641
0.9488169
0.8827312
0.9647343
0.83081526
0.5305893
0.9479551
0.8487773
0.72854114
0.43310624
0.94108397
0.97781914
0.97024304
0.94926
0.8297093
0.9109599
0.9137789
0.98433036
0.945761
0.9032124
0.84886855
0.9985923
0.4534247
0.98363435
0.98193157
0.9628566
0.81798786
0.6518312
0.9276619
0.73804647
0.9577729
0.96323353
0.8924332
0.98207915
0.87953794
0.88283277
0.96446335
0.994476
0.8412457
0.87662137
0.9686318
0.9821697
0.9534636
0.5681618
0.448065
0.9163385
0.8031562
0.9327948
0.5863644
0.7662913
0.9746035
0.99219793
0.9217283
0.8383514
0.96444947
0.6264589
0.9734639
0.20592357
0.91667753
0.80674577
0.9702234
0.9879132
0.95500755
0.9382966
0.9579784
0.53712016
0.9844956
0.96863043
0.69720525
0.8577167
0.96258956
0.80457467
0.95741904
0.9840111
0.81442004
0.990576
0.88388807
0.11832029
0.9576137
0.6844992
0.79036504
0.21192177
0.84070873
0.8839405
0.22239912
0.9264908
0.95704395
0.47570238
0.96428704
0.9715167
0.97629833
0.9785839
0.63857704
0.9655516
0.91774917
0.75158656
0.75623745
0.61376107
0.9505354
0.8797561
0.7924113
0.9638474
0.97189504
0.9896674
0.9895363
0.7679453
0.95415974
0.6938785
0.9231551
0.9943757
0.95246285
0.95973986
0.96940875
0.5544513
0.86411506
0.9520807
0.9897362
0.9718492
0.79002154
0.66108656
0.44233915
0.8570241
0.60561234
0.9033367
0.8316989
0.6388245
0.10357278
0.97830576
0.4591684
0.111664854
0.9754268
0.988487
0.80941975
0.9036185
0.959217
0.6268183
0.9873832
0.84658587
0.58768296
0.97753006
0.16638523
0.96595275
0.85525346
0.98428863
0.950513
0.79216594
0.042715468
0.98722816
0.9911282
0.9865144
0.7844998
0.92749447
0.9270951
0.7958098
0.9639377
0.8813637
0.9291434
0.9313346
0.8018553
0.6088911
0.34451157
0.9085455
0.9771856
0.95662445
0.9633885
0.9779846
0.98024166
0.8373391
0.9177159
0.98158824
0.9370825
0.97105813
0.8839695
0.9798456
0.97598416
0.7716886
0.88122433
0.9657565
0.9526923
0.34302765
0.5064493
0.5322006
0.9869227
0.90571696
0.990301
0.9065781
0.9600709
0.8963392
0.884635
0.97138095
0.93681145
0.92483777
0.98479545
0.92338884
0.98271215
0.9747258
0.94482917
0.9734437
0.92153424
0.96960014
0.8395531
0.868364
0.69743794
0.98539126
0.84278107
0.93499804
0.7182888
0.93887365
0.8251487
0.88995326
0.98535246
0.48439348
0.93727547
0.9800608
0.950352
0.9508295
0.8115745
0.9789241
0.972097
0.99563307
0.32590654
0.9787594
0.9906476
0.8508019
0.96267176
0.5820167
0.82958007
0.73133254
0.93606037
0.9857362
0.9385825
0.99292254
0.9631935
0.7312194
0.99054694
0.4722522
0.9759656
0.96879107
0.3967417
0.99297994
0.81382453
0.0848778
0.382089
0.20474692
0.9336913
0.9936946
0.984744
0.40625015
0.8561436
0.82699215
0.9726964
0.3894243
0.6620112
0.95928305
0.93660575
0.35370412
0.8366552
0.50670356
0.9834319
0.54553556
0.70518184
0.8635301
0.85740596
0.9568347
0.98039275
0.9831299
0.8495989
0.95221454
0.38730896
0.9920042
0.91717947
0.586526
0.9945597
0.95757633
0.28968114
0.93487436
0.8850647
0.8682838
0.97368103
0.9548457
0.985005
0.09895617
0.97688735
0.95959777
0.7331415
0.6057842
0.9588151
0.9636533
0.45259604
0.6851759
0.9863551
0.8503216
0.40049362
0.8555276
0.96550936
0.98337364
0.95271266
0.9906408
0.7471708
0.9713212
0.3190069
0.9107326
0.18881764
0.76077443
0.84546983
0.94542164
0.986388
0.8038956
0.96393836
0.77331567
0.87453717
0.93117124
0.85406667
0.760727
0.98451877
0.98576087
0.75503355
0.9944037
0.9775775
0.9620947
0.6625531
0.91671795
0.9824834
0.7779041
0.97845274
0.9028137
0.9586134
0.7075432
0.9789588
0.31200826
0.7418854
0.97845477
0.9557018
0.99094266
0.98476
0.7944263
0.20430185
0.95260906
0.89123124
0.90708417
0.9812003
0.92967826
0.5332811
0.9613496
0.9359815
0.9777092
0.89238936
0.9805941
0.654407
0.54715866
0.98460025
0.8448366
0.9853917
0.7367732
0.985899
0.9228366
0.6088964
0.977952
0.9525076
0.9169978
0.9510429
0.978744
0.9329885
0.92385286
0.9316787
0.570827
0.8054118
0.98049486
0.9773662
0.9396787
0.69731873
0.9813834
0.8301093
0.9065687
0.95488906
0.90666795
0.9374258
0.8593786
0.87270635
0.886048
0.98750895
0.7455944
0.93842447
0.8932574
0.96705955
0.98168266
0.92968506
0.56420356
0.86976266
0.6290012
0.37433648
0.9796735
0.9516812
0.9750064
0.9147812
0.959725
0.8819047
0.89900315
0.5740146
0.9682113
0.73566854
0.6061097
0.97007656
0.79404175
0.9803137
0.09511189
0.8540026
0.951211
0.9298055
0.75841916
0.9801058
0.97875357
0.974004
0.986522
0.9459394
0.9263945
0.8470939
0.8446473
0.55351496
0.68683577
0.694672
0.94483775
0.6042355
0.83886945
0.9859126
0.9782575
0.9767386
0.77818096
0.72431177
0.97901356
0.8947168
0.9259911
0.8914018
0.9357426
0.43312216
0.9838599
0.9871013
0.9503196
0.9776139
0.7235517
0.9776895
0.15254399
0.7980861
0.97936606
0.970748
0.8622872
0.98052865
0.84297115
0.99130225
0.764558
0.95500934
0.89227784
0.697539
0.8907769
0.64490074
0.002685536
0.40526885
0.97731084
0.89574087
0.9499437
0.895456
0.9852455
0.9744052
0.7315278
0.6538667
0.8270829
0.88901496
0.9577107
0.83643395
0.9649017
0.92179567
0.9188145
0.9708075
0.82915807
0.87489766
0.9210724
0.9608514
0.40444466
0.9680997
0.9661773
0.89641947
0.97085506
0.9862131
0.65981776
0.8369894
0.96567
0.7700948
0.9902767
0.9102897
0.9371427
0.9673063
0.96313864
0.9457628
0.8087318
0.61886215
0.90616256
0.924457
0.95630074
0.98596615
0.9809198
0.9900163
0.8576387
0.96667325
0.94900596
0.88178116
0.4985827
0.5953458
0.9881373
0.6150183
0.68081945
0.96239984
0.19771993
0.68844515
0.8811493
0.9505489
0.9105615
0.7508987
0.939126
0.22745971
0.9817045
0.98615175
0.19068675
0.35942957
0.95175123
0.9840608
0.9176421
0.8901423
0.7351684
0.8751148
0.25109014
0.9600277
0.9989538
0.9014154
0.9311762
0.985436
0.99191004
0.8829465
0.9684074
0.8362523
0.8538345
0.959776
0.94925153
0.9824446
0.9301498
0.96630734
0.94693947
0.68784374
0.87807566
0.99122894
0.94645077
0.9573827
0.83481985
0.9834895
0.8817767
0.61330163
0.93696237
0.97659147
0.99079657
0.25513157
0.9620042
0.30847698
0.785929
0.90001374
0.98012376
0.092843264
0.96876657
0.91146344
0.5465015
0.9450731
0.52879846
0.9558598
0.7354459
0.17622437
0.98148775
0.89919066
0.99183017
0.8747716
0.96431243
0.6398706
0.94020945
0.9794775
0.98474413
0.98854584
0.8340901
0.91224545
0.9800321
0.23409855
0.97987056
0.88378894
0.3444075
0.4332906
0.4370762
0.8801529
0.98748416
0.0008351575
0.9171813
0.8961921
0.7625113
0.79340607
0.9865888
0.9839091
0.9858547
0.7248581
0.93714416
0.9605731
0.95487124
0.9915314
0.97143066
0.94452965
0.9366482
0.96813196
0.8023049
0.9480818
0.9432729
0.91433305
0.857581
0.9884431
0.91786474
0.96122515
0.98324203
0.7706906
0.9426527
0.40147245
0.95436233
0.81911504
0.60757315
0.58313364
0.50958025
0.92783254
0.97983974
0.9835212
0.8971818
0.41421187
0.8302867
0.8546538
0.9873083
0.9880989
0.21969585
0.800459
0.8239281
0.972204
0.9086897
0.77286243
0.84042746
0.79278404
0.9588972
0.4802046
0.9682395
0.96148854
0.9190473
0.013140691
0.71078104
0.8534079
0.92295766
0.38885957
0.25097546
0.7583217
0.5354929
0.9730809
0.90576553
0.94258225
0.97158796
0.9610898
0.9787371
0.85410243
0.78306866
0.9542927
0.9154668
0.9661356
0.98905283
0.9727128
0.9806287
0.9429405
0.9094891
0.66163844
0.9844281
0.9626974
0.9059701
0.98784155
0.9911465
0.58084625
0.79643846
0.8953
0.8782515
0.45551333
0.97528887
0.97827715
0.77366054
0.107777074
0.99143386
0.7824225
0.7119574
0.7913312
0.6647362
0.7667761
0.90389526
0.07338505
0.9220435
0.94456065
0.3771358
0.21430282
0.14748418
0.7160234
0.9928368
0.9124854
0.9077741
0.88101804
0.94802195
0.93084544
0.61515
0.95839906
0.95618576
0.9659194
0.979607
0.33886623
0.672244
0.97475475
0.86907595
0.66037846
0.79038996
0.9103073
0.98660856
0.63571644
0.92434233
0.8342524
0.60755247
0.9875167
0.9425585
0.7268053
0.9658635
0.69653684
0.95019686
0.8731714
0.5368742
0.25975427
0.97594845
0.54777217
0.86961895
0.9883586
0.9416565
0.9137561
0.44096112
0.9516329
0.32085702
0.92093456
0.9910348
0.9683105
0.95784277
0.9626539
0.9518492
0.8529105
0.7915312
0.98730034
0.93336827
0.8713691
0.7321762
0.85983694
0.8963666
0.84790945
0.5798612
0.9230851
0.63112235
0.5241696
0.58181655
0.80115676
0.890772
0.90191126
0.99063736
0.82917166
0.93544704
0.5436496
0.99456114
0.819528
0.9883836
0.5745905
0.846403
0.9815213
0.88478047
0.9077195
0.88792694
0.9862785
0.9485328
0.96405876
0.7576821
0.6395019
0.62561226
0.9849358
0.99348336
0.63871753
0.8905934
0.42370778
0.7442745
0.4763404
0.9822044
0.9564706
0.9374359
0.7896131
0.73345065
0.9090128
0.1777239
0.0014966839
0.9940608
0.9383415
0.98262656
0.96902037
0.97853446
0.99054974
0.94232666
0.91570115
0.9598749
0.88961446
0.7701166
0.18395163
0.9884135
0.8613978
0.93017256
0.99423236
0.86370707
0.89465165
0.59482783
0.76590186
0.91232824
0.9842711
0.83378446
0.7708503
0.5363732
0.9633729
0.9760256
0.3931509
0.96298397
0.70433193
0.96968377
0.98214877
0.64684093
0.94907206
0.96802676
0.63357425
0.97093415
0.93872887
0.8427148
0.71566796
0.8418495
0.68419254
0.8808657
0.94028807
0.6863928
0.99039334
0.9753196
0.73571247
0.9806683
0.9877346
0.89610976
0.9224272
0.94795156
0.6097732
0.95588946
0.38469857
0.68193936
0.9224766
0.9850621
0.90173334
0.73870665
0.93244797
0.95578
0.9912479
0.9699783
0.78042114
0.933117
0.99075013
0.9858512
0.9614471
0.6990934
0.9849798
0.96184796
0.9263014
0.9942616
0.19587296
0.9766406
0.8425002
0.9914408
0.78282905
0.96095645
0.12759748
0.68974847
0.82989407
0.98388094
0.88815135
0.98246115
0.75128615
0.12218474
0.9775459
0.9310026
0.30020863
0.66572744
0.9926581
0.5249067
0.9689577
0.9939038
0.7431716
0.92435575
0.89209175
0.92437106
0.98036677
0.97741747
0.2633083
0.73647565
0.56328285
0.8206546
0.95961624
0.9868772
0.7404054
0.97551745
0.9890147
0.98793864
0.6447717
0.32349268
0.8869614
0.9494187
0.9828194
0.9882798
0.9462173
0.94762427
0.9131918
0.25382972
0.9902312
0.74312097
0.8920724
0.9845823
0.9876199
0.97278625
0.48721927
0.8494491
0.92016494
0.95010024
0.2418769
0.96819156
0.921409
0.5851562
0.8507024
0.8836432
0.9560259
0.9751188
0.83005065
0.5377639
0.81693786
0.9789818
0.95138544
0.9490767
0.9513857
0.9436292
0.9855063
0.97490793
0.96265924
0.58709246
0.8325549
0.7849361
0.81415755
0.82666004
0.9894358
0.99563545
0.99263364
0.9847238
0.9603946
0.9362355
0.9507037
0.99596345
0.59930485
0.97142214
0.9381402
0.89319974
0.9785251
0.9116818
0.0023244426
0.88741416
0.8276744
0.8861282
0.9878527
0.77684104
0.97936076
0.97296494
0.89913684
0.8929728
0.8769121
0.6011352
0.98385584
0.9904345
0.7627459
0.98986197
0.83129764
0.9834079
0.4044997
0.9613709
0.4780032
0.907563
0.07241185
0.9943
0.01107426
0.9065733
0.92295736
0.98650986
0.9872329
0.97361475
0.7879628
0.9692709
0.0037661113
0.82040185
0.9549764
0.984438
0.94800544
0.9364268
0.16573966
0.97304237
0.9340852
0.97701186
0.98992157
0.9927816
0.9858293
0.8026381
0.9812868
0.9178067
0.8883315
0.7701694
0.6031064
0.79272044
0.7078778
0.98549914
0.8829897
0.983303
0.56852263
0.8693013
0.43212232
0.9573899
0.9657359
0.9693442
0.92889833
0.93258035
0.9884089
0.876547
0.91415757
0.90153563
0.7850037
0.19223875
0.9941387
0.6523584
0.99514633
0.94529366
0.46347934
0.9853065
0.85551476
0.9771563
0.5965481
0.86448216
0.911868
0.26227686
0.7475904
0.8504185
0.79828006
0.7425932
0.9228832
0.98350775
0.2042514
0.9836014
0.9451962
0.75466573
0.9679119
0.8940679
0.91989005
0.82204515
0.981485
0.98769605
0.5287061
0.91295516
0.1693745
0.5621693
0.9566329
0.98511684
0.9132689
0.9923321
0.30736667
0.495553
0.990559
0.65529066
0.97608
0.5372625
0.94146186
0.7495621
0.9899657
0.8835871
0.9375703
0.6115915
0.8587589
0.1725616
0.92257476
0.69264615
0.9845585
0.9250434
0.8226134
0.9398249
0.9792362
0.8793651
0.89386475
0.96855426
0.98309684
0.19828613
0.96866816
0.9711614
0.89763767
0.6662352
0.78974825
0.918757
0.9674846
0.90640754
0.9480491
0.70926756
0.79501337
0.94163793
0.84587383
0.94161946
0.777665
0.731724
0.97853196
0.9532859
0.8726331
0.26461723
0.73435104
0.8509662
0.7338447
0.9938267
0.6833116
0.943779
0.6417198
0.9824155
0.95535725
0.6403446
0.98861504
0.7613336
0.51455784
0.9361265
0.97197896
0.9225158
0.9345089
0.92199874
0.8674158
0.8127105
0.9406258
0.87967277
0.9919412
0.734929
0.85203373
0.3066638
0.9649707
0.9373534
0.862342
0.9436548
0.75078773
0.9801829
0.98783034
0.9882238
0.9814994
0.9081856
0.90520185
0.9709843
0.9290598
0.5239722
0.9748411
0.9756698
0.58487386
0.97366613
0.9745653
0.35133377
0.9744923
0.9012222
0.79539794
0.97588944
0.5761538
0.9606921
0.7872423
0.81106675
0.9282329
0.8766406
0.99064726
0.69555736
0.9577268
0.96478945
0.18953076
0.9641737
0.9691797
0.74078095
0.67246234
0.031028409
0.96274155
0.59559995
0.9212477
0.33503395
0.32442033
0.8302084
0.8158243
0.11807669
0.97633624
0.89781433
0.90920794
0.95267856
0.95205086
0.9568086
0.86556953
0.83669966
0.8721138
0.26807344
0.88271683
0.9712786
0.71697474
0.6380459
0.972194
0.9252739
0.14382541
0.96223456
0.93152654
0.92327297
0.90167606
0.9102951
0.89930886
0.98869437
0.98319906
0.7262982
0.97294116
0.96851707
0.8725514
0.95421076
0.90896964
0.86149687
0.3894003
0.9813907
0.9711491
0.92424536
0.77051675
0.88957137
0.9857466
0.99149513
0.9919735
0.760124
0.6936582
0.9192708
0.76513904
0.2774249
0.93206143
0.960295
0.9838861
0.90307724
0.9593127
0.90026337
0.961078
0.97948384
0.9674943
0.9829276
0.62181956
0.97567457
0.7732031
0.9741027
0.6408492
0.25680786
0.27598676
0.98021257
0.6105941
0.75168586
0.9729047
0.9470117
0.9760358
0.44806144
0.27271146
0.008917058
0.95861197
0.9879857
0.45762828
0.9073896
0.80959654
0.53832626
0.6416948
0.7181842
0.983639
0.7321273
0.9432485
0.9516583
0.9753534
0.52914435
0.98860955
0.58038354
0.8148612
0.6935924
0.9329079
0.96441144
0.85378754
0.98672676
0.95557004
0.367226
0.91227317
0.9625997
0.9832093
0.9603029
0.8745845
0.9096891
0.7541696
0.9485783
0.9532494
0.57000935
0.90358526
0.98655635
0.9625687
0.9686623
0.5778454
0.50943613
0.70591253
0.76833755
0.92746365
0.92926276
0.969752
0.7817559
0.9149467
0.9746766
0.9512931
0.9578016
0.9297735
0.9831034
0.9749723
0.95386016
0.9579592
0.7125343
0.14575554
0.9571275
0.9213256
0.95806485
0.9607743
0.7806545
0.8738401
0.9854917
0.68841887
0.91507214
0.78791976
0.96704715
0.8444415
0.96121424
0.48805016
0.7326802
0.92561203
0.7232553
0.9640403
0.12205887
0.20600598
0.9023467
0.7203037
0.9632811
0.9292805
0.8734087
0.95375586
0.9790703
0.22405432
0.9827551
0.9251796
0.97405845
0.9879545
0.94748354
0.84928495
0.86814666
0.97535264
0.9816143
0.76620805
0.8610442
0.97282696
0.9771732
0.43351328
0.79684305
0.9289261
0.9572213
0.7129087
0.85085464
0.8838953
0.9737316
0.46370572
0.78210807
0.95153725
0.9433092
0.9654641
0.9921554
0.94283664
0.9766962
0.47800538
0.9366968
0.8119291
0.99272776
0.94606364
0.13764906
0.73716724
0.9340919
0.7174741
0.93901783
0.90110344
0.973278
0.9802531
0.9626003
0.9424358
0.96330476
0.9750412
0.9499952
0.9821342
0.95193064
0.99037546
0.94706935
0.9125692
0.9869175
0.9873455
0.9868951
0.9217603
0.90843445
0.86484754
0.9462747
0.32911667
0.7409573
0.7351187
0.9905109
0.7863725
0.98339486
0.9894293
0.93460816
0.9442612
0.97488594
0.94461966
0.7037998
0.7979904
0.760902
0.9676395
0.9194047
0.986158
0.9865943
0.987694
0.6791405
0.9774541
0.9540538
0.9086714
0.9409713
0.9663323
0.91193694
0.2596947
0.25056615
0.59786916
0.7029198
0.16282755
0.9049348
0.94016606
0.99436367
0.9539641
0.32261193
0.6496847
0.9835053
0.4002272
0.9387586
0.9848149
0.9670747
0.9925328
0.98844993
0.92682594
0.9778331
0.78744495
0.8153552
0.94724333
0.9764292
0.95769274
0.9676117
0.8952128
0.5872938
0.91198957
0.40061608
0.8119407
0.9881005
0.5923898
0.6707829
0.9571228
0.9958538
0.96060777
0.98389846
0.90742934
0.96421134
0.9781805
0.602877
0.92905134
0.8540979
0.006699356
0.7577809
0.9837034
0.19343306
0.6014304
0.96412003
0.9537958
0.9891829
0.9101
0.94815457
0.96448386
0.71701056
0.77955896
0.9123474
0.99209905
0.3452298
0.25647217
0.26255542
0.93180746
0.97115874
0.82688195
0.075698644
0.529645
0.82833254
0.882254
0.9203734
0.95234436
0.91187084
0.98971164
0.79817194
0.9898975
0.9688794
0.98256785
0.90618414
0.9691167
0.94207543
0.9617198
0.990647
0.9755234
0.8334027
0.27945852
0.7248849
0.98453426
0.97286916
0.77750653
0.89063936
0.50283563
0.9332842
0.99327505
0.9597003
0.77335685
0.8808988
0.9844267
0.82132196
0.9766441
0.27042067
0.9797466
0.81349826
0.8255009
0.81803644
0.1979267
0.9651472
0.97630477
0.966963
0.9628628
0.8408239
0.89818263
0.9694985
0.8106902
0.525264
0.98268026
0.1810805
0.9185521
0.9581872
0.9015762
0.94119537
0.91705036
0.95311207
0.9888216
0.9089479
0.9618242
0.95791495
0.31091693
0.7396022
0.9584123
0.97119224
0.8509685
0.942611
0.74247295
0.9119652
0.9932602
0.8849821
0.9129999
0.9840724
0.67280316
0.78468627
0.04631279
0.9891963
0.8845012
0.98500097
0.98728335
0.9011
0.9702387
0.97042745
0.8245931
0.33737746
0.9843411
0.07007424
0.94614536
0.78626406
0.6501553
0.97493595
0.7820962
0.93193483
0.9859761
0.9324172
0.78186494
0.9773885
0.6753158
0.985413
0.8855903
0.7176109
0.9270378
0.76150596
0.9105291
0.516752
0.7146391
0.9062789
0.91737145
0.66775924
0.90328324
0.9900204
0.91112465
0.96673167
0.9795502
0.9183957
0.9818101
0.90252936
0.97289383
0.9316932
0.9869582
0.8509204
0.7842838
0.34716323
0.8839539
0.9902423
0.9017248
0.95242125
0.86264795
0.71569705
0.7233975
0.9556142
0.96980125
0.5030903
0.19986653
0.9004947
0.9586275
0.857736
0.2859998
0.4759332
0.9959863
0.85803205
0.97829115
0.6038163
0.9456396
0.734144
0.727507
0.9170316
0.29770416
0.24159479
0.957808
0.98023534
0.79235905
0.7092056
0.974538
0.6272046
0.9469895
0.41534078
0.974287
0.9717603
0.872618
0.9100057
0.9545855
0.95304674
0.5325551
0.99010676
0.55550086
0.8091131
0.9841531
0.9742603
0.8928157
0.6894478
0.8849833
0.98526114
0.90080357
0.98505855
0.9686438
0.93698704
0.88348085
0.9946109
0.9536363
0.9426722
0.77408653
0.37777796
0.91220045
0.9353786
0.98932195
0.88495725
0.99426454
0.013618357
0.9057228
0.70042866
0.88618314
0.86499935
0.9718383
0.7682601
0.8764246
0.52189696
0.98167866
0.91103655
0.9667126
0.9378726
0.9173785
0.92900586
0.72089005
0.7793718
0.98029894
0.9655247
0.93678015
0.9554312
0.9252347
0.29177532
0.9796698
0.98853546
0.96035534
0.8789056
0.98569334
0.30455604
0.81054497
0.97922474
0.96382403
0.9784506
0.90198225
0.70797205
0.97457755
0.97887236
0.5778773
0.77354276
0.830657
0.80672354
0.38408035
0.8767195
0.6792869
0.95782614
0.7215725
0.791402
0.5458368
0.65982175
0.98787946
0.7230958
0.8496662
0.9891144
0.6635391
0.95421183
0.97454405
0.92414933
0.76847184
0.9815622
0.8513761
0.64396024
0.97180116
0.89884794
0.6711331
0.92479944
0.16458136
0.87413615
0.9518909
0.82895416
0.90751505
0.97197884
0.8315429
0.8892318
0.8612025
0.28731745
0.84739095
0.6771446
0.5044851
0.9090833
0.93846667
0.9735084
0.7685399
0.89514244
0.9707252
0.96337646
0.5660399
0.9036806
0.6061352
0.9628083
0.502079
0.9928289
0.5333471
0.69817036
0.7950161
0.9691491
0.952085
0.52891845
0.46648088
0.99411386
0.60103965
0.9743838
0.9053234
0.9620754
0.11809738
0.6992466
0.95287603
0.7148391
0.99499655
0.6528889
0.6308371
0.90491945
0.70093787
0.98041224
0.98779035
0.5655464
0.40888724
0.9349685
0.9383957
0.9398494
0.8130806
0.4882693
0.9333716
0.92304724
0.8756696
0.975777
0.96827984
0.95605975
0.9870913
0.98084867
0.978562
0.9009791
0.9532156
0.9802895
0.8325566
0.8840308
0.9729689
0.45568874
0.9817661
0.8126603
0.9875645
0.96135724
0.9790485
0.9481578
0.9798892
0.99211663
0.37135482
0.94761443
0.9270229
0.9891718
0.8916329
0.97108454
0.98843455
0.9011073
0.84092003
0.7323892
0.94083226
0.9897702
0.19955067
0.9785402
0.99071795
0.97290456
0.97548485
0.8852579
0.746137
0.96601593
0.9747707
0.84279174
0.8859271
0.8434163
0.94799495
0.65160525
0.9925264
0.9370043
0.9784451
0.006372507
0.70980096
0.86117196
0.89340687
0.9633041
0.90424174
0.6843766
0.63772047
0.89534384
0.9450316
0.9753155
0.94206303
0.8466234
0.96655834
0.68789995
0.9128993
0.94317883
0.9814519
0.96922845
0.86794233
0.51703966
0.9948501
0.99043745
0.9891606
0.95459807
0.7227106
0.9165219
0.9688784
0.9837224
0.5181676
0.7870582
0.8963507
0.8926055
0.84623855
0.095899425
0.9905697
0.7094937
0.9230402
0.9434606
0.70205927
0.95924073
0.98262686
0.94571304
0.9938951
0.92623425
0.99084526
0.9298261
0.98936826
0.19625011
0.43796077
0.027679574
0.96795154
0.9633771
0.94587404
0.9363919
0.8397155
0.9487478
0.9930479
0.9087229
0.95004797
0.9735729
0.28142732
0.94156617
0.9681148
0.8959947
0.9806244
0.6726109
0.8211053
0.94277644
0.8997694
0.9765667
0.9652594
0.7540421
0.9900593
0.86834645
0.8780933
0.9811875
0.9109023
0.8929134
0.7475613
0.9885954
0.54050136
0.67646146
0.5587421
0.8346533
0.97711074
0.6826229
0.53525907
0.96745366
0.93603486
0.9418516
0.62251884
0.94973665
0.98187894
0.8419737
0.9588486
0.979833
0.98984504
0.84575355
0.9259857
0.91445655
0.89016783
0.8212878
0.89734083
0.9725238
0.6998434
0.9587606
0.74176365
0.30178148
0.9761261
0.9247866
0.47714293
0.76584035
0.6566822
0.97820216
0.45798498
0.98121923
0.8603974
0.98816967
0.9579001
0.8645328
0.9724286
0.670524
0.9878934
0.89879364
0.488135
0.8598332
0.7538967
0.8543192
0.8844308
0.69106317
0.9825745
0.9818127
0.98679453
0.9726714
0.7844509
0.85746866
0.9302032
0.95210224
0.9193831
0.96067595
0.9245501
0.9816165
0.9604807
0.75388867
0.9270848
0.9660818
0.9118351
0.83964324
0.9921983
0.95920056
0.65351963
0.8457468
0.94051695
0.5826333
0.90108657
0.992059
0.95729196
0.8973406
0.86211574
0.8746891
0.40258217
0.58760005
0.95900834
0.9428541
0.99272126
0.6746098
0.9948283
0.9583333
0.9734245
0.8909985
0.90051925
0.97794104
0.6110006
0.9914812
0.6611189
0.78794515
0.3918174
0.98527676
0.66617125
0.93427306
0.98420805
0.72358197
0.9608415
0.54691184
0.93172574
0.70716614
0.26858732
0.89980865
0.9335948
0.85116804
0.98491675
0.96078986
0.7806887
0.98264885
0.5946024
0.8611281
0.9212965
0.5288568
0.9926651
0.88952833
0.7601396
0.9628376
0.9842301
0.48909652
0.95669544
0.96572065
0.9383727
0.9849771
0.91533166
0.5193905
0.96355283
0.7634901
0.97178406
0.8896771
0.6849255
0.96322644
0.80228233
0.98077065
0.95795536
0.9853505
0.9958931
0.7733246
0.9882803
0.94541067
0.13607623
0.96930087
0.9447381
0.98925936
0.74247235
0.9519501
0.57822466
0.9893366
0.9865621
0.8160338
0.42325723
0.60128814
0.97040963
0.9501602
0.9950577
0.9516275
0.6061289
0.5226083
0.93145424
0.17654772
0.8524637
0.95316374
0.55283165
0.9539668
0.8661863
0.31365302
0.9921985
0.950155
0.2364782
0.9808178
0.9872125
0.9875799
0.9318524
0.7325751
0.26567638
0.9541592
0.7004009
0.94062144
0.9303752
0.9295553
0.99673885
0.99009305
0.9862997
0.80073303
0.82168335
0.8178148
0.8038964
0.830837
0.90006495
0.6874139
0.98740596
0.82560897
0.46811998
0.9688978
0.6618451
0.9512821
0.3783438
0.83730894
0.9536122
0.698971
0.98496014
0.9811833
0.9835225
0.95037526
0.9872595
0.69209135
0.9707901
0.96764654
0.9468549
0.9358872
0.6487276
0.54506767
0.41803807
0.960864
0.9786357
0.965434
0.98537374
0.7091123
0.5471133
0.95864636
0.9942075
0.10612398
0.73921764
0.955624
0.94025403
0.9515115
0.8335826
0.95375955
0.0027609211
0.9278812
0.89961445
0.96844
0.88146794
0.58349925
0.8950102
0.5115984
0.9467945
0.9406744
0.9644152
0.91936064
0.9604749
0.34409958
0.94725573
0.98182213
0.93350714
0.5134494
0.8551776
0.720894
0.9621391
0.9535165
0.98043126
0.96609795
0.9796983
0.9781918
0.92503035
0.44579384
0.44940895
0.9633964
0.9302146
0.99128425
0.89086044
0.33960682
0.88171786
0.9421834
0.8426937
0.40368855
0.9781622
0.57952434
0.9755584
0.8574091
0.80905795
0.8182081
0.9475306
0.9302945
0.97547954
0.70932525
0.9862082
0.7261749
0.9801997
0.858116
0.9738013
0.9797061
0.8684283
0.9784728
0.7557875
0.9738811
0.9122641
0.89461815
0.99247485
0.74266565
0.93754816
0.6860836
0.9861596
0.89208794
0.94758606
0.8153834
0.51828414
0.91926193
0.845676
0.9055872
0.97304374
0.89548403
0.939787
0.9589168
0.82610285
0.9653226
0.9396773
0.7784518
0.97706723
0.44318783
0.9941375
0.9707447
0.6335019
0.9621073
0.9891271
0.92740315
0.92963254
0.9726849
0.9357195
0.9883187
0.90028036
0.9627208
0.9860366
0.992859
0.89453346
0.9260568
0.98507744
0.9764429
0.66356826
0.97407395
0.99666923
0.39762822
0.79573685
0.98825127
0.9670774
0.98213506
0.8407368
0.873974
0.96756524
0.9792493
0.9654359
0.9932706
0.8812807
0.78332734
0.783928
0.8844359
0.83638054
0.9781417
0.9528812
0.91301906
0.9773769
0.98809505
0.85481095
0.90489495
0.57829475
0.98541915
0.75384855
0.9296995
0.32881293
0.93668383
0.84728664
0.98027426
0.9248749
0.95667034
0.91462755
0.83576137
0.9790917
0.942231
0.83123887
0.97924006
0.39667955
0.96238005
0.95944315
0.96234053
0.9582417
0.99578923
0.9786173
0.9295464
0.8564786
0.3301483
0.5291057
0.925834
0.50375223
0.9009784
0.84551936
0.9761544
0.9168586
0.98277575
0.74157864
0.9186393
0.9616104
0.9853528
0.34820184
0.7471225
0.91533744
0.9597283
0.72929823
0.45909
0.45120552
0.991659
0.57799095
0.96064615
0.7242788
0.90896374
0.96054417
0.93160933
0.8561569
0.97064847
0.27698758
0.9506148
0.99710244
0.9719225
0.97481936
0.6895307
0.9786592
0.9514234
0.9082812
0.93922204
0.92941946
0.9899306
0.970588
0.5953993
0.9926313
0.9848453
0.420038
0.56526124
0.42261624
0.9307204
0.013572322
0.36244187
0.8607064
0.16330469
0.6195269
0.9577006
0.96497005
0.98536205
0.9398768
0.8239582
0.98927015
0.47027397
0.95263535
0.9388369
0.92646503
0.9845488
0.6453312
0.9833583
0.98740953
0.9826148
0.8168957
0.8600195
0.8895802
0.94472224
0.9838493
0.8693856
0.95031875
0.945044
0.9671872
0.98431003
0.48750752
0.7907898
0.9188553
0.6777122
0.9211144
0.98352975
0.35857087
0.54043573
0.9189044
0.9661715
0.9754587
0.9587776
0.9182591
0.9907927
0.8199324
0.5218838
0.824554
0.4798322
0.7298473
0.9669389
0.93066627
0.85512483
0.9340172
0.9314501
0.7634774
0.85125583
0.8004099
0.33061874
0.76651436
0.8551631
0.9410259
0.72672236
0.07710146
0.95806265
0.98311055
0.56208473
0.9767362
0.97558767
0.8008915
0.9767839
0.9792198
0.1895228
0.9265
0.98065233
0.98477083
0.9382747
0.97615844
0.4167091
0.7264421
0.9682159
0.9334761
0.3560343
0.9795696
0.75028104
0.6375227
0.9675634
0.81245446
0.974013
0.5057402
0.91095895
0.9260429
0.89823705
0.44934636
0.93934095
0.7459129
0.97744226
0.7423997
0.90882504
0.99207836
0.98849887
0.988062
0.9816805
0.92754793
0.8743888
0.9399224
0.93472475
0.9923248
0.5499178
0.9823552
0.96695095
0.71125084
0.78863305
0.93122727
0.9504835
0.04150164
0.9132717
0.9690304
0.8542142
0.36603823
0.7967837
0.9748575
0.75120705
0.94881284
0.6723969
0.98340917
0.5469298
0.9522328
0.96174693
0.90652716
0.2101713
0.8707192
0.9858993
0.5192942
0.97668093
0.7733238
0.96067727
0.9900753
0.7387885
0.8430202
0.7696127
0.7666966
0.8273053
0.30730218
0.86453843
0.8437873
0.96848124
0.945066
0.96781546
0.97546035
0.43572256
0.97796917
0.83999825
0.83081764
0.92847025
0.7916166
0.2594889
0.99142987
0.95674455
0.54247254
0.9580105
0.97690445
0.8385649
0.3342432
0.966156
0.9859622
0.58790725
0.7477173
0.8906207
0.773402
0.8631113
0.29753238
0.9774185
0.9431727
0.9827336
0.9649564
0.94945097
0.7661519
0.9383227
0.76835024
0.9292614
0.12850143
0.93981004
0.41759244
0.84149444
0.67479175
0.2355207
0.9041435
0.99042904
0.9119108
0.90572894
0.92626095
0.95115596
0.89600277
0.9112149
0.53315884
0.7885269
0.9831457
0.98800707
0.86197394
0.98972917
0.90718144
0.96537024
0.7283882
0.8148635
0.9879959
0.94982785
0.94493216
0.9873438
0.31613106
0.87273484
0.9810271
0.81352013
0.9812974
0.9944594
0.92544883
0.6944918
0.97891027
0.83457166
0.9163708
0.95031166
0.0796589
0.893463
0.6626976
0.9668491
0.6111804
0.894224
0.94272804
0.9493306
0.64594537
0.9371565
0.98833466
0.8332138
0.97827864
0.27916002
0.9023476
0.77466685
0.99234116
0.78764015
0.69313496
0.7929759
0.96018046
0.9803807
0.97602254
0.9053914
0.44325733
0.9179105
0.5881805
0.77890295
0.9493198
0.98777115
0.5766398
0.96392816
0.9024645
0.8083992
0.6652005
0.2829806
0.94931966
0.72789264
0.986447
0.9471858
0.5531037
0.76186913
0.7193112
0.9454387
0.96577483
0.9669585
0.9895447
0.8999206
0.94322675
0.5966242
0.12697373
0.9397541
0.8404514
0.86476564
0.9419695
0.8281182
0.7939504
0.92112875
0.91361594
0.95380867
0.88738495
0.5521516
0.6707532
0.96503717
0.9712237
0.5290908
0.9866643
0.48151934
0.8568538
0.85533094
0.62722963
0.9834795
0.92684275
0.94873387
0.75435394
0.63581604
0.95605516
0.85654765
0.884542
0.98817855
0.77521145
0.9696167
0.83773875
0.95883393
0.967497
0.920816
0.98249257
0.5671757
0.8382854
0.94247544
0.89612126
0.5991208
0.6151509
0.73445874
0.8307094
0.8953142
0.6377264
0.9037736
0.95910394
0.9325535
0.9547467
0.9897076
0.9077607
0.7937725
0.9524329
0.7692292
0.9760769
0.64371395
0.84668046
0.96062636
0.81500524
0.91286427
0.26406246
0.24069609
0.97172844
0.5885112
0.93605983
0.9309694
0.93778515
0.8517801
0.9916756
0.9556386
0.9657299
0.81265646
0.4928492
0.8386905
0.7007674
0.79574496
0.92294717
0.98948014
0.9766358
0.95276153
0.566568
0.65777165
0.91842747
0.9761499
0.8993397
0.9269183
0.9486337
0.901678
0.81719434
0.9714453
0.97525024
0.9701148
0.9729815
0.9762684
0.83516794
0.70144564
0.83410174
0.2588282
0.66600174
0.82404643
0.92417264
0.98771685
0.83920187
0.81416947
0.9896374
0.8579961
0.9900079
0.97670025
0.9646034
0.95481247
0.45305642
0.9711799
0.98618406
0.898507
0.8992718
0.9618234
0.9779679
0.96565974
0.94461
0.9628514
0.9894902
0.5421201
0.9680894
0.8893084
0.27280158
0.7604084
0.7703687
0.8330116
0.9479842
0.96844774
0.55911607
0.8897905
0.9362176
0.7863814
0.7317764
0.36947352
0.8724873
0.9799573
0.8759018
0.7579472
0.9715138
0.8977476
0.86630696
0.6877138
0.8192722
0.8639584
0.918255
0.96190774
0.37796885
0.97682005
0.83863163
0.9459145
0.91092086
0.09703749
0.9366888
0.9778831
0.95674676
0.977228
0.13544442
0.97015387
0.96608347
0.49494085
0.9916224
0.61664116
0.9929507
0.31023207
0.8987336
0.8902505
0.9770857
0.95314866
0.9949639
0.46843195
0.44943047
0.93807334
0.91762155
0.95849377
0.96655375
0.86630976
0.91357565
0.8297815
0.9336262
0.13914183
0.98902214
0.94168943
0.97741663
0.94110596
0.84796566
0.86520386
0.66710657
0.49019954
0.7412631
0.9835513
0.98617095
0.7927893
0.93568367
0.97464275
0.8627373
0.67959684
0.9652325
0.941177
0.900564
0.49197143
0.78137124
0.12239679
0.69049364
0.9855282
0.9636063
0.8142502
0.93879706
0.44412816
0.95827806
0.9606113
0.90956765
0.8877609
0.8280864
0.9429046
0.9735388
0.97117156
0.9639264
0.91677356
0.77444845
0.92138594
0.94364005
0.93737537
0.8947903
0.793865
0.75781703
0.7581027
0.50396466
0.9424827
0.93723744
0.98439586
0.81108934
0.9576479
0.96742046
0.84890914
0.975042
0.9770297
0.99127907
0.9227808
0.92616624
0.99201113
0.36352292
0.98311156
0.9375457
0.9431877
0.6766746
0.975099
0.34807923
0.37267265
0.928842
0.94410616
0.9066557
0.8663098
0.98866165
0.93138266
0.9429462
0.9849904
0.9351002
0.9069555
0.87507325
0.67868733
0.91485655
0.87114817
0.74237597
0.9774145
0.87862664
0.9896539
0.95685554
0.924621
0.97431594
0.2704441
0.9098298
0.7065734
0.9561592
0.8905885
0.41596112
0.93894815
0.67333657
0.8975698
0.99126256
0.90469337
0.6756324
0.4544528
0.30338404
0.79914355
0.9610626
0.8738127
0.922198
0.9148798
0.592092
0.9390031
0.8050341
0.93355566
0.9829449
0.491726
0.9144296
0.98794377
0.92124397
0.9897181
0.85576177
0.6988259
0.95824283
0.5766992
0.7113211
0.90061855
0.777502
0.9873877
0.85269684
0.6603109
0.91820693
0.9005926
0.6772663
0.9266703
0.20854539
0.6558319
0.9403234
0.8848664
0.91819197
0.9816411
0.82010895
0.992011
0.8923251
0.6084038
0.77646536
0.9520338
0.69799423
0.91602963
0.96547914
0.90494436
0.9569943
0.966575
0.9393237
0.96836644
0.24708666
0.9864096
0.7208713
0.9432133
0.3653599
0.6044873
0.61638314
0.96165335
0.9721719
0.79558283
0.7861071
0.93148965
0.93130356
0.7185561
0.88078874
0.9143498
0.28306392
0.43199614
0.98568374
0.7361777
0.82784027
0.866228
0.96644086
0.98801905
0.8636098
0.98377335
0.9946464
0.9413624
0.95764005
0.025282212
0.9738501
0.7798638
0.82380325
0.23643793
0.9133293
0.97064644
0.9917207
0.9143449
0.87164116
0.9874599
0.9615581
0.99161106
0.98379886
0.39349136
0.9552847
0.1745242
0.77462375
0.99023235
0.88667035
0.8481675
0.9915418
0.035202753
0.7720315
0.9910642
0.98557484
0.6336349
0.97732896
0.98704255
0.9790639
0.9466481
0.9487493
0.9909679
0.98702115
0.95191425
0.7630273
0.99123436
0.8034379
0.98009825
0.5595765
0.97391427
0.983096
0.9891165
0.8758664
0.8533712
0.9605578
0.9725054
0.9805494
0.9634243
0.8423833
0.9841016
0.77058065
0.9709674
0.8338305
0.84478426
0.84951377
0.96054757
0.96100986
0.96923447
0.9074648
0.9347976
0.94708014
0.64668417
0.96529984
0.89310694
0.47199976
0.7230651
0.98458856
0.74532306
0.98522353
0.91503507
0.7446639
0.95999324
0.14796308
0.7337579
0.9832181
0.34556568
0.9013117
0.91341126
0.93242776
0.98991114
0.777166
0.9789219
0.9670766
0.71782124
0.9430864
0.98443305
0.73652095
0.20592292
0.77893263
0.9741396
0.8616997
0.0942415
0.9883732
0.9892188
0.988504
0.5641905
0.685348
0.9622011
0.9696193
0.014671786
0.35709912
0.93009895
0.6380009
0.8819975
0.7269202
0.8865487
0.82873327
0.3033017
0.93631554
0.8719868
0.86840653
0.9922828
0.8182594
0.99627656
0.7627293
0.7330546
0.9674692
0.9364942
0.8939733
0.9879701
0.98910785
0.96663684
0.94856465
0.90648955
0.002367589
0.78340673
0.6471936
0.14327289
0.66643465
0.9426492
0.97519386
0.88653314
0.8782437
0.55674744
0.7519683
0.1722384
0.80212545
0.74968314
0.95235354
0.5177521
0.8709328
0.92417884
0.51785
0.9844044
0.89023936
0.5401651
0.88840777
0.9791094
0.99304754
0.8848457
0.8546901
0.7348796
0.9508704
0.9867055
0.9360337
0.55795497
0.9867705
0.91309613
0.99355423
0.91222596
0.9639928
0.9230002
0.66889805
0.9920438
0.98105836
0.9807834
0.8678361
0.7257857
0.9589097
0.90145767
0.85611564
0.8302978
0.9252077
0.39120162
0.97362775
0.74353725
0.847334
0.9744728
0.9537524
0.9138933
0.927136
0.9127303
0.95912653
0.8752637
0.9477208
0.86827374
0.973557
0.9656692
0.98484117
0.8190335
0.8879647
0.7894107
0.8618471
0.9330353
0.8779047
0.9821374
0.9631519
0.8679388
0.9868363
0.9341359
0.91274554
0.8014608
0.7946619
0.9252786
0.97993535
0.9554665
0.9915388
0.9543252
0.89088625
0.6407422
0.96966773
0.9139227
0.9937975
0.92841095
0.75563306
0.8378404
0.9538493
0.95141816
0.91959244
0.8607124
0.933533
0.49522522
0.9891858
0.99362224
0.93656933
0.8843869
0.57845867
0.35701066
0.93073225
0.9282718
0.9305904
0.9909114
0.37735814
0.7933851
0.95338523
0.7861088
0.91845393
0.97385347
0.86762923
0.972912
0.98967034
0.86878675
0.8603911
0.67699987
0.497507
0.8002569
0.65652156
0.4222001
0.9664137
0.9890168
0.99434763
0.08554725
0.9136611
0.97390395
0.2725927
0.8991749
0.98764634
0.98423713
0.9580574
0.97212857
0.9820565
0.6704642
0.97612494
0.05734964
0.6267729
0.9156219
0.6428252
0.9805906
0.97258544
0.98908335
0.9732467
0.9689126
0.992245
0.4803134
0.9654346
0.7409095
0.94464904
0.84717155
0.9902776
0.9864546
0.9772726
0.4604907
0.96781564
0.7621914
0.8034895
0.9796348
0.65387744
0.7847723
0.9728074
0.8214191
0.841261
0.96230465
0.8295248
0.96680087
0.2722749
0.8042504
0.9734312
0.9622305
0.7438726
0.9839749
0.9813675
0.986273
0.51069736
0.95467806
0.9071218
0.9705065
0.93774927
0.9613353
0.9479179
0.34730658
0.30410925
0.47161406
0.9828483
0.9245973
0.9710193
0.92510664
0.77491
0.6337842
0.9411163
0.9643761
0.567774
0.63054824
0.94986063
0.7984566
0.6233947
0.93298686
0.9735574
0.97959274
0.81722045
0.64987516
0.9818024
0.96198374
0.96966165
0.8305004
0.93028057
0.9825455
0.9418733
0.98772895
0.956357
0.94809896
0.7661718
0.38825175
0.9907986
0.9722295
0.9420476
0.9902052
0.72863185
0.5361121
0.92041147
0.6411508
0.96701515
0.25197652
0.9738747
0.988751
0.6227916
0.9922964
0.71892494
0.9868531
0.9727993
0.9598682
0.9671866
0.7339796
0.9632449
0.99262637
0.9918147
0.84798557
0.51438737
0.30407763
0.9893736
0.99012697
0.830409
0.89707094
0.44752657
0.92992055
0.9419493
0.90938884
0.8527858
0.9786587
0.98611206
0.9606157
0.98586684
0.98993635
0.9875832
0.43991187
0.90463454
0.9933624
0.84883505
0.9879403
0.9765871
0.60819936
0.7731752
0.38578472
0.8370409
0.90378815
0.97220314
0.98445594
0.4480829
0.96978813
0.9590736
0.855821
0.97659326
0.7394225
0.98667204
0.75994766
0.87083435
0.7949716
0.99472505
0.96384275
0.957642
0.9849605
0.6255195
0.030007055
0.20747468
0.95913553
0.9734744
0.8592786
0.9231768
0.94376755
0.96077913
0.9039118
0.9210028
0.9463393
0.93298
0.9800223
0.96677357
0.98273563
0.9682709
0.904305
0.5958132
0.8995157
0.9041044
0.85896933
0.7676675
0.95982933
0.70706177
0.75871265
0.9462153
0.98363054
0.940454
0.79691833
0.5001071
0.90796286
0.9823827
0.98938495
0.67996657
0.98786247
0.3559712
0.986437
0.7342798
0.6752696
0.21042643
0.9890912
0.926078
0.8446807
0.9874835
0.9407235
0.9911357
0.7825581
0.79065436
0.95689535
0.81709564
0.974602
0.86865443
0.98920816
0.9523651
0.82377356
0.98852277
0.96039283
0.9312454
0.96331656
0.9157558
0.7073337
0.9935487
0.72882557
0.9531726
0.9908941
0.53683007
0.9835337
0.7845571
0.40260962
0.77373546
0.88028026
0.9315154
0.49762708
0.9278366
0.28888726
0.29872504
0.67244875
0.9549852
0.98832756
0.7550982
0.83159226
0.9644404
0.22544402
0.7872893
0.20578471
0.8736921
0.9750972
0.9449178
0.9398054
0.94323385
0.96776897
0.9739802
0.31249663
0.8904176
0.9374331
0.8363264
0.96016616
0.9588756
0.122093216
0.19617952
0.5285155
0.70723057
0.5689039
0.9695062
0.9778236
0.89050436
0.77885413
0.5654323
0.8765864
0.48572427
0.7566453
0.95383656
0.97237825
0.965036
0.881346
0.90863496
0.6193858
0.96441436
0.96761805
0.9646163
0.9036711
0.9759823
0.99133646
0.9904551
0.8939074
0.93653804
0.98375225
0.7674858
0.7638647
0.96764773
0.97390735
0.33222663
0.9332601
0.9415035
0.93641126
0.98006755
0.97760195
0.85789573
0.93139756
0.82611257
0.9696093
0.81088203
0.9905578
0.9647423
0.9568645
0.9230079
0.76427513
0.9368027
0.6025877
0.98077995
0.6549333
0.8041674
0.97564924
0.9515468
0.98732924
0.5608357
0.5941906
0.937519
0.9517061
0.9746328
0.46108136
0.9317959
0.44713354
0.82758623
0.9667791
0.5464009
0.894822
0.92115027
0.9063259
0.8974966
0.09244854
0.74389595
0.7782579
0.975463
0.8276828
0.1622118
0.73227686
0.9701395
0.9604429
0.98435485
0.9901748
0.992014
0.9650926
0.8865372
0.97300977
0.85946566
0.6214908
0.96548337
0.9415107
0.9716925
0.8899188
0.34108075
0.96254194
0.97468895
0.25210324
0.8912904
0.9920453
0.6375694
0.97380865
0.9801143
0.95594263
0.8148431
0.5563546
0.83276695
0.10861628
0.9807311
0.9674154
0.9929357
0.5250655
0.7815487
0.5613039
0.7302829
0.98995435
0.925116
0.9121663
0.8991665
0.9218563
0.9209123
0.9263804
0.97887933
0.37184516
0.97834444
0.6506694
0.0030655349
0.9331179
0.9861648
0.9589412
0.9897842
0.93376815
0.624042
0.9780587
0.99104565
0.96076983
0.9877093
0.32394248
0.9849407
0.9201005
0.65961957
0.91091007
0.91837054
0.92895985
0.9300272
0.8777235
0.96822697
0.7774463
0.3154016
0.94868654
0.69873613
0.9391732
0.9668105
0.38263115
0.6433046
0.70571965
0.9808864
0.8531736
0.5707319
0.505044
0.68325275
0.8200277
0.9584277
0.7511076
0.8072388
0.5921954
0.8333843
0.9794877
0.15385689
0.5187517
0.9717514
0.9349398
0.42314327
0.9594116
0.990299
0.9922058
0.94946736
0.9709579
0.99154365
0.8092723
0.578532
0.97673553
0.9412146
0.7605462
0.94746494
0.9300717
0.7338801
0.9732378
0.77002877
0.9762007
0.56597435
0.96530783
0.44088525
0.98317736
0.9374067
0.9867562
0.054683857
0.989204
0.5595291
0.92565674
0.97996473
0.9810734
0.59366345
0.72777486
0.7398793
0.9558247
0.7493923
0.95319957
0.93222064
0.9249171
0.90479356
0.7358229
0.5718779
0.9602308
0.60082453
0.87464434
0.88492954
0.8683744
0.9586601
0.9663638
0.9830388
0.34459838
0.9844263
0.6221171
0.9360114
0.98725677
0.9849851
0.7885584
0.9840185
0.8748014
0.9668838
0.52156174
0.9007882
0.87505984
0.88173276
0.86381555
0.6292081
0.8869228
0.9225658
0.5139822
0.75677097
0.91796273
0.98294914
0.505197
0.9540828
0.9344781
0.85993975
0.9598121
0.7090623
0.8594303
0.52198917
0.91898197
0.84247553
0.9693834
0.90907973
0.97019917
0.99046284
0.41127798
0.9055723
0.9953548
0.99089724
0.91285104
0.97798187
0.5801686
0.9750787
0.8631174
0.522368
0.9544052
0.90233326
0.8972209
0.9917224
0.77151525
0.89233166
0.8954601
0.9400824
0.9566422
0.922865
0.9576812
0.9883663
0.79077876
0.9779879
0.2881705
0.84562945
0.21503481
0.9697832
0.96427995
0.96970415
0.48822162
0.8280656
0.9494505
0.9906819
0.9254063
0.9815539
0.9883449
0.5210472
0.09818844
0.9686188
0.79247373
0.9305587
0.9213681
0.92016757
0.98960423
0.986684
0.93254554
0.9658232
0.9746007
0.25251484
0.98818344
0.98422605
0.90303224
0.69078755
0.9836114
0.99001443
0.4673797
0.980049
0.97325915
0.666302
0.88894314
0.79967314
0.9735778
0.88721114
0.8834039
0.41827872
0.95451355
0.67963696
0.9365368
0.90504026
0.9738714
0.971621
0.9756831
0.5805598
0.8771309
0.98242146
0.47127897
0.9247331
0.9639306
0.9870345
0.9768255
0.98842025
0.9123674
0.87725943
0.78462684
0.7557972
0.98568857
0.8009652
0.9603212
0.98608685
0.9895257
0.9725204
0.9849739
0.98379135
0.6987992
0.9934756
0.99402255
0.9639245
0.94739056
0.8388001
0.9698817
0.9693355
0.2879414
0.96549636
0.95043075
0.9921022
0.95309645
0.92910236
0.763084
0.97985953
0.8175503
0.6441838
0.97235054
0.54844075
0.9891188
0.5869604
0.9485044
0.98773605
0.8401543
0.5735092
0.97970104
0.99011934
0.8934732
0.6454768
0.2661283
0.8068002
0.9079327
0.9611806
0.9530593
0.5987056
0.51981497
0.4506839
0.87114906
0.63961333
0.9755878
0.6836415
0.31427005
0.95363396
0.023990624
0.94740605
0.9553252
0.35389206
0.9734013
0.98215044
0.8360018
0.6525945
0.9185544
0.99429625
0.8950376
0.5542344
0.9508113
0.5118528
0.9224025
0.8830969
0.6304811
0.96276844
0.8843817
0.9948112
0.31307214
0.94807774
0.53301066
0.96907365
0.9708967
0.86534005
0.7271987
0.84057254
0.9827168
0.38787556
0.9176096
0.983296
0.48687822
0.3311413
0.12349639
0.7874149
0.93672305
0.9838694
0.9464976
0.8591528
0.9926789
0.7943469
0.94219995
0.7871554
0.9676262
0.97622186
0.9715285
0.97636026
0.6097804
0.90676165
0.9892413
0.4275684
0.9639946
0.65209687
0.9718555
0.6523822
0.92621654
0.8796348
0.8408463
0.71525985
0.8576244
0.9230256
0.847234
0.9822651
0.73274875
0.97923845
0.34097603
0.9734524
0.93332475
0.7269315
0.9473993
0.8921904
0.95540184
0.72814417
0.903501
0.30496955
0.8308135
0.9597559
0.97665185
0.98425263
0.9581257
0.9914191
0.9590547
0.44268873
0.9711741
0.9650199
0.8419932
0.98700607
0.9852211
0.9690653
0.98899055
0.9788986
0.16021763
0.8724287
0.9540104
0.93212795
0.58661264
0.8104991
0.98247635
0.86456555
0.8970757
0.9851688
0.9275407
0.9788846
0.82898664
0.4630228
0.9906144
0.94058686
0.9756883
0.4708156
0.68929994
0.96947575
0.936835
0.8147174
0.87575495
0.5855099
0.317997
0.93127555
0.94988906
0.97771966
0.91654146
0.941515
0.3209129
0.75288564
0.95097536
0.886491
0.93284595
0.9821347
0.91048074
0.9521856
0.71090776
0.9051339
0.9017537
0.87035006
0.952679
0.96066254
0.76863915
0.9932094
0.9697427
0.97354966
0.9831223
0.9755997
0.9809498
0.71627855
0.8574706
0.7796133
0.8104438
0.7991915
0.64824903
0.95635545
0.9733865
0.9404266
0.99596256
0.41766173
0.98272645
0.98191637
0.9695612
0.906402
0.9788054
0.5483646
0.9778817
0.8653477
0.9448117
0.8472753
0.90501124
0.9685615
0.9699359
0.61628604
0.9125063
0.9482409
0.9119215
0.9736284
0.5562395
0.47550786
0.6086955
0.91777
0.6252056
0.99275005
0.9753238
0.98059654
0.9263364
0.97120416
0.46900716
0.9662318
0.9758195
0.88685817
0.88297737
0.7215116
0.61509556
0.9220642
0.31303155
0.8726293
0.26100206
0.90955824
0.97931445
0.9845381
0.94055575
0.6955433
0.7585323
0.9803391
0.97561795
0.8091176
0.63244444
0.24906892
0.9848069
0.59547704
0.6754661
0.63144827
0.7094323
0.9779703
0.9803663
0.9487395
0.7827095
0.97905195
0.38558492
0.35424605
0.9155256
0.959012
0.6186422
0.96196365
0.9749487
0.983115
0.35850027
0.83368385
0.61703026
0.9766774
0.9813696
0.27940354
0.9666326
0.9417743
0.97127706
0.17063075
0.92551595
0.9830536
0.49180847
0.5957225
0.9910546
0.9559534
0.90756434
0.675945
0.77021563
0.9703414
0.979043
0.9563352
0.9877658
0.96797913
0.92038816
0.84179175
0.82722163
0.9810875
0.59245455
0.8920738
0.18114425
0.9751535
0.9911651
0.062345766
0.8873105
0.98558587
0.9748321
0.91376746
0.97004706
0.92361605
0.8986493
0.87590426
0.9862959
0.9782074
0.93485624
0.88631546
0.688239
0.9633191
0.94144785
0.9891416
0.98942226
0.9535605
0.9391642
0.8697628
0.98871595
0.8036068
0.98337436
0.6580509
0.9940507
0.9593627
0.9507524
0.7936159
0.07083567
0.9154389
0.19167325
0.7050778
0.7799675
0.959981
0.7027079
0.44574705
0.8567084
0.98382723
0.28357768
0.9536812
0.9769617
0.7654494
0.89884514
0.9779548
0.9841576
0.71241176
0.80757225
0.20762843
0.9339942
0.9806831
0.93324447
0.9157294
0.8942854
0.9421697
0.9570333
0.9729599
0.16383916
0.9481892
0.9276451
0.8101642
0.9815341
0.5038172
0.64095074
0.76027316
0.42624217
0.8852815
0.9878698
0.8085509
0.7028043
0.9109409
0.97029436
0.9727907
0.79945654
0.96160454
0.9595028
0.921109
0.88654226
0.8225819
0.9863966
0.80461264
0.96482307
0.6224471
0.94345367
0.15216304
0.9273535
0.93733007
0.97045666
0.99398416
0.09976722
0.90269786
0.6124789
0.42980605
0.9692672
0.9599151
0.9531923
0.7795633
0.12541506
0.9792013
0.987415
0.97097194
0.9721515
0.95202214
0.98769426
0.9527702
0.8870603
0.98767775
0.8818998
0.957251
0.67969435
0.40619695
0.9298778
0.9518072
0.9685527
0.89398986
0.9869213
0.9902801
0.9338747
0.9387398
0.9841611
0.7605471
0.80801296
0.9758345
0.8589715
0.0027571307
0.7942638
0.8761558
0.963401
0.9525059
0.82471263
0.98586804
0.9201549
0.90184426
0.65253747
0.96131194
0.9480135
0.9454384
0.9638545
0.853781
0.15392901
0.97165215
0.98874706
0.95721596
0.93132985
0.862889
0.7382122
0.93248147
0.83009714
0.9537385
0.6076955
0.88455963
0.93508977
0.9181598
0.5006617
0.9715257
0.69493943
0.6022823
0.96377945
0.61025286
0.8935364
0.94694436
0.9880711
0.98234046
0.97815037
0.9458902
0.97471774
0.98829854
0.97953576
0.8458075
0.008220875
0.9677797
0.99057674
0.9451257
0.98972136
0.9758448
0.94420433
0.9383495
0.97159576
0.69042027
0.7598768
0.93278915
0.97257566
0.9461247
0.97892076
0.95941144
0.9348752
0.9867215
0.99278086
0.5869626
0.8628745
0.89697105
0.95374304
0.61489236
0.7566609
0.9383458
0.86168635
0.9786251
0.7183717
0.9155658
0.46575257
0.84615374
0.8916177
0.9890265
0.91844076
0.0014465483
0.8315821
0.12496469
0.98597276
0.8940176
0.56592625
0.98087215
0.9634221
0.812201
0.28870082
0.68792653
0.9563011
0.9654168
0.9574304
0.9930276
0.8682934
0.68618345
0.97405213
0.9355074
0.98092777
0.9646157
0.96418643
0.9071088
0.98749244
0.9694117
0.9228825
0.9046401
0.95814455
0.8842351
0.9273512
0.74733806
0.95052
0.9242389
0.96606255
0.8881836
0.9828524
0.8447138
0.64705706
0.951409
0.1796325
0.75047046
0.91668457
0.98349077
0.98363584
0.55493873
0.8767069
0.63591754
0.987099
0.9702055
0.41359392
0.8251654
0.7839752
0.91268885
0.87164056
0.9885549
0.71727645
0.64001125
0.98204523
0.456887
0.936054
0.64942235
0.904845
0.7493439
0.9880818
0.86581904
0.8870371
0.978396
0.6561979
0.9726934
0.4985988
0.754628
0.4902034
0.7685204
0.8538306
0.9718213
0.97928303
0.68902797
0.887485
0.99025935
0.84603834
0.97065264
0.9159232
0.9182368
0.96181744
0.96314824
0.74940234
0.9214507
0.9715666
0.62702286
0.96699435
0.962405
0.92620194
0.93596274
0.97174454
0.9388808
0.9097661
0.9514841
0.97983927
0.95351917
0.91091985
0.7544835
0.96109015
0.9889437
0.8953251
0.98489124
0.973784
0.35596183
0.47486737
0.54795367
0.9323625
0.7917809
0.9350856
0.9773058
0.70036405
0.99296415
0.9261014
0.97492504
0.97408944
0.73400366
0.9633618
0.93143314
0.9777239
0.9773483
0.9750538
0.50729924
0.9815482
0.97435886
0.9533
0.8997919
0.9622685
0.9370133
0.96157223
0.9259496
0.9698233
0.9686189
0.8109342
0.9888588
0.8798826
0.96850485
0.022850344
0.8909177
0.82629305
0.9831823
0.9752406
0.9867274
0.9339031
0.9921206
0.7276746
0.9798489
0.2688423
0.9423613
0.6404901
0.9727331
0.98331165
0.9791463
0.8091018
0.78966737
0.9424494
0.9286378
0.9898134
0.96747273
0.9820774
0.9921312
0.9624978
0.98459375
0.9753141
0.9185991
0.031152813
0.9445223
0.9850203
0.64380705
0.9902064
0.93566245
0.98030007
0.90662014
0.86421835
0.95171714
0.555534
0.970237
0.36609498
0.89610946
0.9816397
0.89688
0.97727793
0.86587596
0.98474103
0.94151133
0.9801759
0.9345742
0.9072346
0.98050594
0.9454304
0.94019103
0.82757396
0.99048597
0.9806974
0.97355765
0.6859666
0.85701257
0.94666815
0.5096333
0.938967
0.19321476
0.9525498
0.73515767
0.88683355
0.9096071
0.97538424
0.61315984
0.9317435
0.99376655
0.9877571
0.9778025
0.8851614
0.9678954
0.90914476
0.48600513
0.9746041
0.97943807
0.9033356
0.9132685
0.94342506
0.52779055
0.986326
0.97444373
0.9479346
0.7813075
0.75536054
0.97677046
0.9878814
0.98323387
0.9784365
0.8891431
0.70286167
0.9463316
0.9847883
0.1873456
0.93807805
0.9801964
0.9885358
0.76499134
0.9902906
0.77996105
0.9440027
0.9094685
0.95209295
0.96716577
0.9460226
0.6500941
0.0942026
0.9330163
0.97867703
0.97049475
0.84491783
0.6095652
0.03464303
0.92331934
0.9684938
0.7246798
0.9322755
0.92932767
0.94718325
0.971601
0.62707454
0.616624
0.3509324
0.77082276
0.88737303
0.991353
0.9264596
0.93174684
0.93492174
0.54066604
0.8012263
0.6969079
0.9171578
0.7029661
0.9752143
0.92904127
0.85570186
0.46610996
0.9292551
0.5486827
0.33023643
0.9404343
0.6254378
0.956897
0.90521526
0.7669209
0.9023982
0.9909416
0.83778274
0.73404455
0.98414224
0.6073113
0.97746176
0.9037919
0.9885324
0.97036195
0.9529386
0.92652875
0.893114
0.47434634
0.7731172
0.9880483
0.47267565
0.71912223
0.48856544
0.9389074
0.75983644
0.81210965
0.8692198
0.841433
0.8976707
0.9233331
0.87147045
0.20775805
0.93261564
0.9231648
0.4513386
0.9517214
0.9328277
0.7542076
0.63248664
0.7802169
0.71774
0.9451119
0.9554334
0.98162085
0.95542186
0.95398265
0.9076701
0.98977435
0.976318
0.8395189
0.58012
0.95819664
0.94508994
0.9606897
0.9551294
0.9627141
0.05512646
0.9559809
0.93104404
0.96068054
0.71234715
0.82120496
0.9624747
0.9878584
0.61250985
0.9653445
0.97606736
0.98810136
0.9470544
0.95775354
0.9145098
0.95301276
0.9710363
0.9702959
0.85298693
0.97117
0.9539698
0.8495021
0.2753833
0.88080823
0.97021896
0.98824793
0.84517777
0.9380702
0.8329947
0.91311306
0.84621924
0.8832918
0.7816293
0.66173303
0.94282603
0.9419246
0.7801052
0.9478903
0.98895234
0.81701905
0.86421067
0.9660039
0.74832636
0.9744561
0.9159848
0.70747596
0.9829763
0.97159576
0.8909439
0.85919124
0.989358
0.9812764
0.9357182
0.56542116
0.6644665
0.33157346
0.92532265
0.98007
0.9737153
0.9476872
0.5924867
0.98092914
0.6605936
0.20132205
0.92403674
0.94486403
0.88212144
0.98213506
0.96150124
0.97332984
0.30996785
0.85690725
0.9850434
0.99317425
0.9402177
0.1939676
0.94928646
0.55807763
0.59318763
0.97637254
0.6916508
0.94905424
0.651565
0.7678067
0.51135767
0.90766215
0.9398709
0.79310256
0.9556509
0.9794261
0.6270053
0.96107364
0.76340014
0.4937096
0.822114
0.9754524
0.7749381
0.26511022
0.8054589
0.9389301
0.9201091
0.7528123
0.9573057
0.6482471
0.14590858
0.8697652
0.6029774
0.42729107
0.968746
0.93665516
0.3547556
0.89405787
0.8824797
0.9579609
0.92220235
0.98327935
0.9476494
0.33757016
0.78842497
0.9726867
0.9578625
0.7645701
0.9297403
0.91244084
0.42960402
0.9734771
0.5756756
0.8981806
0.9773197
0.86895967
0.92569107
0.2161498
0.92843735
0.9514625
0.9525798
0.95957196
0.5895525
0.8008365
0.9413446
0.96561193
0.9907584
0.9289211
0.0030655495
0.9772609
0.9366483
0.94004667
0.7297391
0.77414536
0.9926536
0.95289886
0.76958025
0.82491547
0.7457735
0.9829463
0.96354663
0.93099374
0.9584506
0.98356724
0.978505
0.9528715
0.2896877
0.8926371
0.98110723
0.9584563
0.99659085
0.3677574
0.05003819
0.9820603
0.9951994
0.85960555
0.5011182
0.9052807
0.96411926
0.7678702
0.967633
0.9624905
0.94866467
0.8796764
0.29178923
0.8524899
0.9721491
0.96698284
0.9306285
0.6894034
0.97709376
0.9214941
0.9910581
0.90000015
0.8939493
0.9853699
0.90145427
0.98795205
0.49800977
0.99312943
0.67519426
0.18389434
0.98835295
0.9327795
0.91224486
0.5052694
0.9869127
0.3707416
0.95675886
0.98331845
0.94289553
0.8805867
0.96338505
0.9843343
0.5948197
0.8667774
0.9062221
0.49680677
0.87199783
0.9109836
0.97691447
0.98891383
0.9572544
0.9892551
0.7683374
0.96580315
0.27583396
0.8964441
0.8732571
0.98202217
0.98968875
0.9577015
0.902073
0.90458786
0.831426
0.9894588
0.9802485
0.9649504
0.99323386
0.87548095
0.88940215
0.9744766
0.95978683
0.9400827
0.96621364
0.9179008
0.9756713
0.88590944
0.954543
0.41116694
0.5063632
0.9658173
0.96792144
0.88881654
0.9415231
0.85064274
0.86989284
0.98620635
0.79809713
0.7381391
0.93705946
0.8454659
0.96800405
0.64158034
0.9921342
0.9886586
0.8300421
0.98438144
0.7944542
0.9375274
0.98278725
0.9784788
0.8602782
0.89294696
0.89993143
0.8870508
0.62230325
0.9821014
0.9826999
0.88865364
0.8048875
0.9682882
0.6002104
0.7328648
0.97148615
0.97580916
0.3088636
0.83204937
0.973835
0.81123334
0.6717319
0.41260737
0.869766
0.951083
0.85054576
0.8573103
0.979868
0.9717058
0.9863175
0.95988744
0.9941737
0.9228024
0.85256153
0.4504111
0.9777884
0.92684466
0.63372946
0.93298346
0.38686097
0.96991754
0.91054004
0.51447785
0.926679
0.8979089
0.96506137
0.8543047
0.8519714
0.9554711
0.8198505
0.98827785
0.8621864
0.93598884
0.5100013
0.96720135
0.9587947
0.9802588
0.5638627
0.9840704
0.9818124
0.88842005
0.82727987
0.7898287
0.6290467
0.68840575
0.79613376
0.9827643
0.8604251
0.9096577
0.9620653
0.8344431
0.2560294
0.8100739
0.9517859
0.9819017
0.9029794
0.8856246
0.91447556
0.85303897
0.98656183
0.7516572
0.9110162
0.7785678
0.9898084
0.7966918
0.98714185
0.8745106
0.8950944
0.8031471
0.9718901
0.9789276
0.4640182
0.97979784
0.98909515
0.8946323
0.9731356
0.98995095
0.9717843
0.93699145
0.82938546
0.9622247
0.8140519
0.6697913
0.8058547
0.8606448
0.6542539
0.9873834
0.9748702
0.902009
0.89667296
0.9298212
0.966363
0.5090199
0.8026654
0.9251733
0.9790912
0.75334823
0.79587525
0.9724171
0.3397224
0.6168495
0.7082981
0.9686175
0.95671195
0.9775522
0.49203908
0.99264646
0.6844462
0.4606848
0.7577822
0.8282328
0.8707393
0.96519786
0.9084159
0.979298
0.89655685
0.63278115
0.7458042
0.9851008
0.5467393
0.72398627
0.4128232
0.9904689
0.9682169
0.9903099
0.9721552
0.00086486357
0.98838335
0.9570194
0.9729328
0.97089136
0.9602289
0.960483
0.3262901
0.90150404
0.97253436
0.9903088
0.5645195
0.98730034
0.93540436
0.9705353
0.99163616
0.7382955
0.42832676
0.9623381
0.96696246
0.87045634
0.2903333
0.9399268
0.87434834
0.6554717
0.9548089
0.9746284
0.87516403
0.19252306
0.91736954
0.88405514
0.9703048
0.98347914
0.8607207
0.95723605
0.0009336873
0.93088216
0.9849101
0.9551294
0.98563933
0.75907767
0.9595046
0.9868434
0.97011346
0.9423463
0.9945727
0.81249547
0.8972615
0.9883062
0.9123308
0.95484984
0.47461572
0.9847392
0.5897656
0.95505923
0.40108293
0.91029406
0.8078764
0.9690796
0.9957035
0.8464975
0.83674186
0.973693
0.92231894
0.978229
0.37024373
0.7692821
0.7622294
0.9101843
0.86302197
0.860631
0.9892434
0.94724995
0.919859
0.99174374
0.8353626
0.969117
0.97059274
0.9658553
0.03338253
0.9871885
0.98481756
0.93317926
0.978022
0.9892637
0.9777321
0.81124526
0.961759
0.821039
0.991426
0.48121163
0.7257974
0.89246994
0.975598
0.4695915
0.98494947
0.9412183
0.80373013
0.44527164
0.55543375
0.6730945
0.60302764
0.68049395
0.9052145
0.28155723
0.9630563
0.0034143655
0.9858079
0.9899742
0.9593341
0.97388023
0.91030866
0.9033338
0.83334917
0.24049889
0.549419
0.7946675
0.81916445
0.9613984
0.77400494
0.9598829
0.984577
0.48237225
0.95501465
0.74770516
0.92664933
0.9646194
0.75009435
0.9552933
0.38611582
0.40122765
0.99345535
0.97522676
0.7854499
0.69277525
0.9881215
0.977404
0.6205447
0.93740255
0.9800174
0.9854881
0.75842655
0.98505056
0.9877159
0.9957586
0.96504766
0.9876087
0.023486234
0.92500657
0.02015255
0.6243043
0.6298043
0.9706807
0.974998
0.91204077
0.911159
0.8967607
0.8920993
0.852122
0.38077274
0.95266664
0.86141133
0.96104264
0.8837424
0.4195581
0.11738313
0.9201254
0.89770895
0.76067555
0.7574565
0.9704578
0.3753592
0.22562395
0.9476776
0.9495795
0.7918848
0.9529901
0.9733994
0.95970416
0.20460431
0.9621285
0.78531283
0.82308674
0.9874107
0.9928075
0.40147522
0.37684104
0.9248783
0.7204879
0.16292256
0.47237355
0.9448912
0.9637804
0.9070345
0.94833297
0.9103617
0.95284605
0.99213386
0.9918326
0.9403251
0.87156385
0.97268987
0.9709745
0.9924695
0.9577235
0.9544225
0.876292
0.5698983
0.9683491
0.98080784
0.1563621
0.93792194
0.9373618
0.9446002
0.60233194
0.9445254
0.9953159
0.8727069
0.9211131
0.9892223
0.9431749
0.008811617
0.9639581
0.9758465
0.98924935
0.98929614
0.6741769
0.9729846
0.82197165
0.51990753
0.983457
0.95413816
0.9864792
0.8942661
0.9677811
0.9811044
0.9501931
0.8709052
0.96929693
0.92473656
0.89855045
0.96643406
0.92659724
0.43957248
0.96802944
0.9138415
0.94839203
0.9523586
0.51870316
0.97024316
0.9843555
0.9231627
0.9057921
0.7266154
0.96970135
0.86924237
0.9206386
0.9324547
0.74716574
0.99206877
0.9893289
0.91406846
0.9920751
0.9402197
0.87984604
0.92025244
0.7803343
0.97888774
0.90614593
0.2244546
0.932547
0.9616218
0.9574408
0.9720509
0.47640327
0.97781575
0.8731115
0.9922212
0.8884244
0.9946905
0.8999398
0.9079065
0.50916684
0.98925716
0.8769256
0.9240636
0.981575
0.8452753
0.8640622
0.97396004
0.94740283
0.95797473
0.32393286
0.93974
0.96036965
0.95095855
0.82137793
0.99303186
0.97065014
0.9846299
0.9726077
0.7652324
0.96577
0.982002
0.9862621
0.9235298
0.306319
0.67899925
0.99014986
0.937492
0.75720567
0.922327
0.9558322
0.6283562
0.8921272
0.720074
0.94004244
0.85190463
0.49313256
0.987941
0.93755937
0.87713027
0.9962366
0.7687537
0.9456399
0.8693058
0.9502193
0.98777276
0.975327
0.89749765
0.973112
0.95157886
0.73435104
0.98554754
0.78232086
0.9452497
0.9801461
0.97693104
0.9490055
0.855068
0.8076418
0.92643505
0.97404975
0.93859977
0.93846285
0.8552942
0.8474653
0.9216367
0.7795319
0.9748828
0.93045866
0.6941105
0.89703584
0.9626328
0.98939323
0.96983373
0.96557117
0.9344085
0.8161004
0.987966
0.98870325
0.78593653
0.92842245
0.6139053
0.06455579
0.9227862
0.5060301
0.99300164
0.92885476
0.8423491
0.95864046
0.98049724
0.3424558
0.7987806
0.90004987
0.95779896
0.97685754
0.101252005
0.9685866
0.9888377
0.8980274
0.8936659
0.97863436
0.96855617
0.86333424
0.96699107
0.97877425
0.7258478
0.9859406
0.746969
0.9795679
0.6959155
0.9574851
0.9742458
0.856632
0.8716323
0.87747073
0.9073682
0.9071129
0.91701466
0.98928225
0.8097332
0.6224083
0.17239124
0.85431945
0.9511611
0.9194505
0.96906877
0.9743026
0.98885065
0.6630618
0.87199867
0.7786511
0.986318
0.966819
0.9370373
0.9896035
0.7054415
0.7805645
0.8554579
0.8455594
0.8854869
0.6416303
0.9677288
0.9659421
0.7792135
0.9793841
0.978893
0.9027458
0.97073126
0.7849024
0.97458863
0.6615623
0.94730985
0.89970475
0.868568
0.7533937
0.7520631
0.9372407
0.9035436
0.5691282
0.9426336
0.69520974
0.23709509
0.9923195
0.9774121
0.9623009
0.9894855
0.8507526
0.971536
0.51270264
0.9694325
0.3001825
0.9833993
0.99251974
0.81633174
0.9382307
0.69844943
0.6502997
0.9781439
0.9483283
0.792654
0.9228815
0.8182453
0.22632213
0.9376872
0.9568239
0.95808655
0.6929172
0.8617394
0.85885864
0.976689
0.8591009
0.5584337
0.37249392
0.9889825
0.97931445
0.30021146
0.92271703
0.97005826
0.98797053
0.7123135
0.106244616
0.9203229
0.9305139
0.92232877
0.8552923
0.9749791
0.945891
0.501207
0.9753828
0.9698533
0.7774707
0.9701533
0.8064636
0.9674502
0.90862316
0.97289354
0.8913414
0.94167835
0.9482596
0.7651153
0.97867674
0.9521836
0.80486137
0.991955
0.3951012
0.9880185
0.98580223
0.9698501
0.98863983
0.99277663
0.98523325
0.98369837
0.97625256
0.9910062
0.9359243
0.98834014
0.9928444
0.7186295
0.8640208
0.8255963
0.9707355
0.9804534
0.6196081
0.97201216
0.97770476
0.57749724
0.9645742
0.92613393
0.8417612
0.89037204
0.8749088
0.9326528
0.87660056
0.9898481
0.69019026
0.76268256
0.9840492
0.60203564
0.97983325
0.83854604
0.9804216
0.95967054
0.87270737
0.86201113
0.7933857
0.8335158
0.8329706
0.9673978
0.95957935
0.95288676
0.8936156
0.709432
0.66776764
0.27628762
0.9740804
0.97927547
0.96311265
0.52828854
0.9293704
0.9454583
0.96983486
0.93571025
0.99207604
0.9864352
0.59139025
0.9818718
0.6280032
0.9863418
0.9795945
0.9412842
0.99231964
0.9794877
0.6791813
0.9474589
0.11370491
0.25644782
0.74878055
0.9818147
0.98781335
0.9699571
0.96766615
0.3443898
0.55210745
0.9216451
0.9633221
0.9730954
0.9524885
0.90072805
0.988294
0.9795802
0.9650379
0.9137167
0.8336538
0.9029276
0.97032815
0.98550224
0.9923624
0.8889016
0.9294426
0.7829025
0.9001233
0.40055868
0.7717325
0.9850193
0.98800385
0.9764242
0.9778503
0.9934075
0.49732208
0.69274753
0.9833013
0.97612846
0.31600288
0.8593216
0.9919453
0.9820403
0.94138825
0.6194778
0.89432627
0.46882704
0.9904089
0.9827587
0.98734856
0.98321426
0.72688466
0.98271346
0.9488583
0.90755993
0.8627271
0.75984
0.8698157
0.70399636
0.9776497
0.927526
0.93301874
0.94613117
0.9838172
0.9351329
0.9723994
0.914635
0.5272595
0.47499213
0.98277366
0.78743184
0.9566879
0.9740786
0.9603482
0.98479754
0.83366656
0.9932126
0.9114858
0.3489307
0.846063
0.98539853
0.9917494
0.26980707
0.956173
0.969535
0.95390195
0.9546785
0.9715987
0.81484675
0.573765
0.9879936
0.9873739
0.5719225
0.885555
0.67286885
0.9764166
0.7352325
0.97132593
0.95543385
0.9895648
0.9306303
0.92696536
0.02521829
0.86392564
0.98625445
0.9849021
0.9891109
0.8859285
0.9891565
0.9530101
0.5582786
0.98976505
0.41396707
0.937183
0.962685
0.008997411
0.9485913
0.9905635
0.8942006
0.9640924
0.96871907
0.776002
0.88648856
0.9550583
0.6566656
0.98360693
0.9057319
0.9943257
0.9714243
0.89411265
0.8208144
0.92665917
0.938435
0.599604
0.9837478
0.9182887
0.9875864
0.98755556
0.9942365
0.6744966
0.90580523
0.9271888
0.79305166
0.8682243
0.89321554
0.5996374
0.95389825
0.6287931
0.7818318
0.95429814
0.40809226
0.963254
0.8764009
0.97622716
0.9543505
0.9546826
0.8642195
0.9808357
0.9455884
0.8220136
0.9613589
0.97352797
0.9412572
0.81122786
0.5094791
0.9643026
0.8735462
0.9664649
0.9636594
0.52422905
0.7464436
0.4425699
0.85976815
0.65927535
0.9491804
0.9881188
0.92730623
0.6364401
0.35004726
0.31139168
0.9276155
0.8452426
0.8392829
0.9305128
0.8956902
0.3680962
0.9414657
0.9855649
0.83334994
0.91026807
0.96073645
0.32019064
0.65049237
0.6494974
0.95831996
0.9869272
0.97481257
0.9586908
0.9697945
0.68331915
0.9192107
0.45813742
0.98464847
0.8844091
0.9528795
0.56639296
0.6057139
0.9661714
0.9426953
0.9873683
0.9561834
0.98998
0.96825546
0.8573433
0.9098825
0.85220265
0.7218987
0.95064765
0.98078555
0.9874672
0.9763777
0.93630725
0.004241543
0.9609402
0.6080867
0.88775563
0.9786381
0.9362136
0.36301723
0.7782065
0.97982293
0.9529215
0.96067816
0.98387754
0.9614492
0.6473695
0.28017363
0.17128362
0.9307851
0.7640045
0.93373543
0.63201404
0.9687565
0.5526946
0.9839939
0.88625336
0.8774083
0.8453527
0.9882337
0.9938886
0.8608471
0.97913593
0.96207577
0.9890639
0.34931022
0.765666
0.6062278
0.5500573
0.8573951
0.5007689
0.56700164
0.8814216
0.9395151
0.6482312
0.9182843
0.9747697
0.8662421
0.83619833
0.9807786
0.9516231
0.94258505
0.83627653
0.77738094
0.92260176
0.9138106
0.9550144
0.5834308
0.7269946
0.98195004
0.9831608
0.13704485
0.658223
0.9690207
0.95526934
0.63059354
0.9383284
0.28646296
0.48167473
0.6162765
0.9559849
0.9813716
0.562956
0.9375236
0.9553418
0.94843704
0.92971736
0.99029875
0.87586844
0.96185714
0.7088438
0.95795226
0.9731102
0.7918328
0.7764447
0.98346406
0.9191751
0.8689694
0.82325065
0.98519784
0.98853207
0.99060047
0.97093403
0.9845451
0.9521242
0.76996934
0.981556
0.80406404
0.4430827
0.9306623
0.6898865
0.9723948
0.8703974
0.9711794
0.6832317
0.96152705
0.64467984
0.93334746
0.8672542
0.8253154
0.9698958
0.97468704
0.16676183
0.9080935
0.9549413
0.2669983
0.95845574
0.9133667
0.9578543
0.97252584
0.9423444
0.9106733
0.9003927
0.988393
0.83361495
0.877486
0.67910385
0.7919644
0.7162204
0.9592622
0.96370935
0.9841145
0.9302543
0.8521461
0.7524992
0.9450085
0.87085056
0.9050804
0.98503774
0.89360994
0.9034021
0.92667013
0.98969966
0.92878956
0.9828812
0.9805355
0.98377025
0.991026
0.46467403
0.99085253
0.9513127
0.9616182
0.98799163
0.9000863
0.99150157
0.46611643
0.98824805
0.9742086
0.8040495
0.9620247
0.9424339
0.38579628
0.9741606
0.28307605
0.99141955
0.9913368
0.96352905
0.9561912
0.78916264
0.9903617
0.8407429
0.8796358
0.7818112
0.8449404
0.9183169
0.86402637
0.57238567
0.9882074
0.5251083
0.91151094
0.86036944
0.9818174
0.928171
0.9821076
0.9352527
0.9365223
0.88606894
0.98420715
0.915158
0.8529382
0.8800296
0.850229
0.939556
0.2906745
0.79571164
0.9419677
0.9575735
0.9335649
0.99413955
0.97224563
0.56605333
0.81274706
0.77142614
0.64491194
0.9263711
0.94888765
0.9733097
0.5296593
0.4272222
0.7611877
0.9303757
0.9858208
0.80472445
0.9253891
0.37411544
0.9726865
0.51481664
0.39067748
0.9711041
0.9819203
0.9060833
0.9338455
0.5192454
0.98117214
0.97313935
0.9757724
0.04038186
0.977443
0.67566216
0.97131425
0.9845604
0.9312568
0.9564705
0.6653466
0.90492845
0.41833696
0.9786962
0.92932
0.9703598
0.97987247
0.98022276
0.9684322
0.9565058
0.8334705
0.2398359
0.7332697
0.89805144
0.5644318
0.94103724
0.9646851
0.95146203
0.99057746
0.8351673
0.68448585
0.9724512
0.9721737
0.96277905
0.96552783
0.3608113
0.92302823
0.750648
0.7556365
0.9959015
0.96421146
0.9256491
0.99344033
0.9668746
0.44410187
0.83042717
0.97471887
0.9820009
0.81950545
0.9738677
0.98252016
0.9593749
0.9871508
0.88972825
0.9250639
0.8625614
0.61410654
0.94250864
0.933321
0.9712206
0.8536556
0.8735991
0.9351987
0.775551
0.9612315
0.65433913
0.9902795
0.95955575
0.9522866
0.6986624
0.9847231
0.9712415
0.9933183
0.9876315
0.8818356
0.92225134
0.78789186
0.51393723
0.30995348
0.5824882
0.98721504
0.27790788
0.96444774
0.023158884
0.9562652
0.8083752
0.9912668
0.96474594
0.9334024
0.9868268
0.98229927
0.55443615
0.9432348
0.9920231
0.29032412
0.6621187
0.7361025
0.9104556
0.743842
0.9315907
0.98881173
0.7478488
0.5223059
0.93321395
0.7620651
0.87224853
0.8561713
0.40684047
0.980909
0.96130335
0.7305973
0.99425584
0.83905905
0.2943353
0.9862833
0.69892246
0.7237831
0.9783332
0.8920126
0.48555502
0.975065
0.6558674
0.9226858
0.9215353
0.9675115
0.9448963
0.8011297
0.98061
0.87962943
0.9693489
0.2551464
0.73297495
0.5965841
0.8905681
0.99230325
0.990921
0.9255094
0.3001366
0.8925069
0.9901938
0.9151766
0.959164
0.97621024
0.9348252
0.5254506
0.94396996
0.45893016
0.9396695
0.847237
0.8397672
0.82747996
0.9188791
0.8942096
0.94165707
0.96935064
0.67866427
0.7848158
0.9250094
0.95821565
0.9941379
0.8355617
0.978864
0.93044114
0.7726993
0.9374521
0.77635306
0.9885815
0.5788493
0.42725325
0.28754333
0.30129582
0.8757735
0.5359317
0.99206865
0.88322914
0.95944667
0.95299405
0.87965286
0.92625797
0.90951514
0.8783849
0.9525311
0.9748189
0.8741588
0.94845647
0.98326105
0.83594245
0.98033684
0.97555727
0.8709237
0.9175591
0.9307432
0.9375643
0.9034136
0.90628505
0.37544408
0.8626823
0.7915416
0.99612
0.81603795
0.6049051
0.90480965
0.7245734
0.9623583
0.41271073
0.9599229
0.90173364
0.8589954
0.976003
0.7267971
0.61501646
0.84998655
0.98134524
0.8536762
0.88718086
0.9881235
0.95475847
0.80278087
0.8949956
0.9117092
0.97765326
0.99028033
0.9833889
0.8816957
0.98300505
0.80943656
0.88229847
0.732264
0.9760069
0.99364614
0.9550215
0.54027694
0.9663216
0.98797846
0.9808998
0.6706684
0.92048895
0.44185236
0.9695519
0.96404713
0.97481936
0.8912523
0.76990813
0.89570194
0.96258515
0.7141083
0.45097968
0.9714125
0.9703738
0.8353428
0.6792082
0.98252916
0.9892085
0.8526661
0.9803956
0.9161684
0.98859006
0.96269107
0.374045
0.9176007
0.6302991
0.35584867
0.21037485
0.9239225
0.88123137
0.6428377
0.988617
0.39881563
0.4750952
0.97887635
0.4097066
0.8853324
0.92655784
0.98485893
0.98347497
0.5454721
0.8191847
0.9636164
0.9888305
0.92548645
0.98588735
0.93466246
0.9598923
0.8895933
0.94958264
0.98239636
0.76915294
0.9871945
0.6097118
0.943851
0.91036695
0.9771367
0.97105074
0.9749229
0.9168907
0.965901
0.41978377
0.17744206
0.91881347
0.99431026
0.64923567
0.98222715
0.2284328
0.67959654
0.9464582
0.9697707
0.9935231
0.97727364
0.27076435
0.978721
0.5325097
0.818878
0.9136864
0.9510244
0.9539488
0.880958
0.9254753
0.47781324
0.5932877
0.9950296
0.97683585
0.9856366
0.991927
0.98856807
0.74555
0.918164
0.9895872
0.9255651
0.94419575
0.91993403
0.9680572
0.91732204
0.96919584
0.8980178
0.9567862
0.38322675
0.9696353
0.91873336
0.61499006
0.81111026
0.9824239
0.44311404
0.73345655
0.9523311
0.8884486
0.9931781
0.9883802
0.91454834
0.96702576
0.9381268
0.8184032
0.32438156
0.6976457
0.8993094
0.97286487
0.9003628
0.98666966
0.95984954
0.840959
0.69597965
0.28947687
0.93327254
0.96096295
0.98534715
0.94698447
0.65331554
0.8690438
0.9684741
0.9717083
0.69829094
0.98386
0.9917236
0.9781121
0.88805026
0.49787575
0.49965996
0.93338734
0.9199716
0.97976744
0.85737056
0.79460055
0.43752038
0.56137604
0.978239
0.26203105
0.93130076
0.91400033
0.72543836
0.8909143
0.9342516
0.9887566
0.90986246
0.99134445
0.9550496
0.9900265
0.98727745
0.98040843
0.91067547
0.9897601
0.9845084
0.96877915
0.98409134
0.95054054
0.9664406
0.9645823
0.9169366
0.87098736
0.9834336
0.4552251
0.7275669
0.9942028
0.9815036
0.8119498
0.79893786
0.56779325
0.992396
0.89033604
0.9911082
0.94970894
0.98327565
0.8695154
0.98662996
0.94250584
0.98692536
0.9827976
0.92378134
0.9733382
0.8081643
0.96385175
0.9437544
0.9893197
0.9228835
0.7980329
0.8842003
0.96681666
0.8226621
0.9759452
0.7008078
0.9572216
0.9527481
0.84035885
0.9663393
0.97170365
0.917492
0.8539053
0.20259392
0.9830372
0.31736848
0.8553612
0.99256295
0.98981464
0.29125676
0.94742006
0.9523622
0.9487595
0.9417886
0.78999835
0.8183255
0.88252
0.6169475
0.9889846
0.13886833
0.9490795
0.9600751
0.8673963
0.9912445
0.9675482
0.96534
0.6419444
0.9689386
0.8694502
0.99080735
0.94430065
0.3811484
0.43092573
0.7690825
0.983621
0.9783377
0.31777093
0.9098063
0.9544081
0.69642025
0.88393086
0.9843658
0.9524582
0.84407353
0.9697278
0.87966335
0.69637966
0.5859003
0.7931928
0.65571386
0.96159273
0.9847414
0.9551306
0.84353083
0.8833984
0.8884384
0.9451644
0.9830851
0.87618715
0.82304066
0.57400495
0.97532165
0.7563186
0.51652914
0.68815005
0.9097503
0.9075911
0.9778281
0.78927344
0.7920526
0.8253056
0.7304792
0.96519
0.7469926
0.37394494
0.5418515
0.9520068
0.8337809
0.85909504
0.9279233
0.71347636
0.9008268
0.984045
0.7127686
0.870253
0.98955566
0.9579157
0.97612053
0.9655668
0.979322
0.8668707
0.91630507
0.85162514
0.85882944
0.9921595
0.77827424
0.3807409
0.92136407
0.9775155
0.30382732
0.5765645
0.86404467
0.55512285
0.95606554
0.9408523
0.3617177
0.7569143
0.8203976
0.8976201
0.97105384
0.7326393
0.62073344
0.8894309
0.9707262
0.63459736
0.94598466
0.68817854
0.3918404
0.9512966
0.8671994
0.9901333
0.9179096
0.25595164
0.9522887
0.96152794
0.70817316
0.98410493
0.91289145
0.8899447
0.873963
0.71582973
0.50740814
0.97651845
0.9239429
0.8006535
0.98785186
0.9577416
0.9856312
0.98319066
0.88324875
0.91631716
0.48496914
0.7624064
0.963573
0.91613746
0.85985076
0.9833897
0.65476286
0.9471673
0.87972933
0.65571225
0.8660155
0.989262
0.98924726
0.7068057
0.8309306
0.72654504
0.95194805
0.97284526
0.52129394
0.9652246
0.7826342
0.7677643
0.95846826
0.81512594
0.74992317
0.959003
0.9480412
0.91732633
0.32956773
0.9609241
0.96764207
0.97332317
0.9383731
0.8738563
0.90819514
0.89170235
0.98371744
0.989342
0.92456573
0.8618044
0.55362266
0.97863173
0.83905
0.6691637
0.64461744
0.97340775
0.84217393
0.95525163
0.85384387
0.80648077
0.85813266
0.98027074
0.9945082
0.31913114
0.992152
0.57542974
0.5546422
0.91552424
0.9864742
0.9536304
0.32400492
0.9546118
0.90064776
0.5111281
0.7086052
0.82188416
0.9422051
0.3530068
0.9902715
0.64687353
0.9662176
0.75796515
0.45446897
0.9632272
0.9481109
0.9742581
0.6895068
0.9884241
0.1288332
0.9703279
0.97132033
0.8560379
0.16184911
0.92648906
0.8860086
0.27575657
0.9684101
0.95718884
0.98959315
0.7996672
0.97633857
0.7928773
0.990081
0.97786
0.4357053
0.543105
0.74881035
0.9547536
0.95333326
0.21052459
0.526598
0.8400748
0.8086358
0.5980376
0.8711849
0.9277855
0.90582067
0.9575833
0.98231965
0.961164
0.9765217
0.97888637
0.98113614
0.73236495
0.99236286
0.82682925
0.9923171
0.2732112
0.99520314
0.5952055
0.49528614
0.5449719
0.8432995
0.31172433
0.70916986
0.84914273
0.84358156
0.8190039
0.9924623
0.91143334
0.75865847
0.71832794
0.8950601
0.9560197
0.8169453
0.94617414
0.9088321
0.9935174
0.98997706
0.9853011
0.6006399
0.85858434
0.94586843
0.9236562
0.8185477
0.912431
0.91737247
0.96004385
0.9812832
0.98678976
0.9737501
0.14081177
0.92878175
0.97069407
0.849866
0.83375597
0.7097792
0.7512584
0.94823456
0.74692553
0.874724
0.97872317
0.39729175
0.88066584
0.8053296
0.9777991
0.9580058
0.98124033
0.64166445
0.9205565
0.88745236
0.9799989
0.9834616
0.90514636
0.89702487
0.9020478
0.96173143
0.73752946
0.7784978
0.9563473
0.92899466
0.7193759
0.9152239
0.020190459
0.8319435
0.64147145
0.00646474
0.83489287
0.42916086
0.8669892
0.3163275
0.8895375
0.9643837
0.75864047
0.97664684
0.970124
0.9557659
0.8722935
0.9136051
0.98487085
0.44512194
0.9596378
0.9811855
0.38283455
0.36505446
0.98105603
0.994197
0.9821322
0.9565341
0.9673332
0.9829859
0.94627154
0.9773003
0.8131458
0.9861791
0.936383
0.61823255
0.98457307
0.92263556
0.8970656
0.0014908512
0.96272933
0.9066279
0.80235845
0.89936155
0.88300335
0.91310877
0.73107064
0.95544624
0.972795
0.93723965
0.97131157
0.9254932
0.9853978
0.95291156
0.6829191
0.98627263
0.92742515
0.85417
0.6269552
0.97601205
0.318681
0.99002355
0.98842305
0.94046044
0.072663195
0.9686895
0.82975745
0.85194314
0.7498818
0.57363915
0.3502003
0.9031359
0.7781818
0.8602609
0.4400506
0.870168
0.577049
0.9699617
0.9786186
0.9854702
0.65255624
0.9704677
0.41416022
0.7619761
0.9762248
0.88281465
0.54484516
0.9593651
0.9908228
0.99451256
0.55543876
0.2713401
0.95555955
0.9582876
0.98478174
0.96066207
0.9789362
0.7001491
0.9720765
0.9653238
0.5617999
0.9346228
0.24713963
0.91921985
0.6522819
0.77680033
0.9935541
0.98348594
0.96590936
0.7586022
0.40286088
0.9756781
0.9916368
0.86123437
0.95734257
0.8960214
0.9913897
0.50444293
0.991198
0.3264844
0.8319736
0.30862412
0.9419778
0.8666036
0.8637742
0.92268497
0.33586448
0.9577322
0.5852122
0.35027173
0.18102443
0.95255023
0.92152816
0.37204733
0.59508485
0.8726659
0.87693614
0.7995503
0.9550206
0.94190216
0.98467654
0.91438615
0.92362946
0.8576275
0.3221262
0.80203044
0.9594788
0.84000725
0.9919246
0.98591787
0.9809853
0.98586035
0.7532485
0.9900921
0.820997
0.3197087
0.81155056
0.5521168
0.96391046
0.6060294
0.96112645
0.8421752
0.9799985
0.71327746
0.8420776
0.9276345
0.70565116
0.29575777
0.98945355
0.9859341
0.1484511
0.9919972
0.89893883
0.49227592
0.60261726
0.9929183
0.9148823
0.9757909
0.82285124
0.9420106
0.9611736
0.9732438
0.84227985
0.89874923
0.99209505
0.9424357
0.99079096
0.9583763
0.8886226
0.9665985
0.9699154
0.91856617
0.93033797
0.80754673
0.95315623
0.9533917
0.9681979
0.9246278
0.96608233
0.92518204
0.48538983
0.9941035
0.9895605
0.88404316
0.93513477
0.9649466
0.9866867
0.9892965
0.8937027
0.9888194
0.94908035
0.9590804
0.9931125
0.7472469
0.91196936
0.98803663
0.5374216
0.92913705
0.9588037
0.96141154
0.98740304
0.9784656
0.70816296
0.64994615
0.8042994
0.98212814
0.9046434
0.91322947
0.97195464
0.95422435
0.29611877
0.9575208
0.8011519
0.97395873
0.2818777
0.9689104
0.92528236
0.65636146
0.10206106
0.805998
0.5738428
0.9683081
0.8879196
0.5307763
0.5951348
0.9074791
0.8950649
0.18578267
0.8903641
0.97771806
0.71817046
0.9438821
0.9145489
0.976168
0.9341402
0.97245425
0.98189765
0.93327296
0.73801285
0.37473747
0.9732205
0.988562
0.7032705
0.98396987
0.9264456
0.88038355
0.8614375
0.9829617
0.69981486
0.3637778
0.8524835
0.9878071
0.9152146
0.9954131
0.96580195
0.5893452
0.6963443
0.9230839
0.92748004
0.776024
0.9688109
0.966574
0.9931552
0.8790227
0.6704889
0.927451
0.98477083
0.21434957
0.9308481
0.96405256
0.9776103
0.94827247
0.9871088
0.9009749
0.6474132
0.47066247
0.68352675
0.9725937
0.99001735
0.9779653
0.4292768
0.9563912
0.9907755
0.85419637
0.8515845
0.7963101
0.5230689
0.81645596
0.9950133
0.9716114
0.7851975
0.54382193
0.71751684
0.98596084
0.9559775
0.97404027
0.62438846
0.951256
0.9887932
0.93249196
0.9394963
0.93234164
0.77180177
0.9391171
0.91971576
0.19547701
0.98484415
0.93950194
0.33776635
0.84993255
0.8437466
0.8721822
0.92441106
0.008668939
0.9691083
0.9399289
0.97642773
0.8363597
0.97503406
0.8059548
0.75583434
0.9849354
0.6303251
0.9723131
0.872841
0.8792656
0.9517627
0.76756245
0.9249005
0.9869695
0.9788377
0.83339065
0.8132125
0.89218825
0.95275766
0.65862596
0.8610325
0.90320796
0.9581269
0.990231
0.82714576
0.98582655
0.9837429
0.9647046
0.9833055
0.97506106
0.9765351
0.89658594
0.59174436
0.747266
0.6691687
0.5914826
0.9783456
0.9880298
0.93637156
0.3930309
0.97675985
0.973254
0.81314987
0.91175044
0.9885529
0.8434284
0.99019927
0.9441934
0.8312396
0.9872701
0.9752712
0.8682601
0.5826384
0.95046806
0.022476653
0.9408279
0.9123937
0.6542934
0.9205653
0.9810228
0.9286689
0.8002932
0.9881887
0.9872214
0.42082033
0.96752876
0.6991871
0.94597775
0.9756624
0.9741303
0.5697755
0.8385152
0.957862
0.8149375
0.9892754
0.97299325
0.9035751
0.97708595
0.98664224
0.9278189
0.88355273
0.7652008
0.8157555
0.9138253
0.9715488
0.9524331
0.029516948
0.9619788
0.8568068
0.7389321
0.82496333
0.91374314
0.15100916
0.9820563
0.7949299
0.9900726
0.9641279
0.8189671
0.7921649
0.9273535
0.7907975
0.075889304
0.89676934
0.8267999
0.70903456
0.23405641
0.9047076
0.9582482
0.9556116
0.941175
0.8039011
0.9336414
0.9843492
0.93880737
0.90322495
0.2459936
0.9369772
0.73855513
0.88700646
0.9576748
0.1344958
0.99178433
0.9883972
0.961284
0.8638569
0.95747066
0.92238903
0.9912685
0.99158233
0.9436397
0.97694355
0.9677503
0.8559441
0.83302206
0.96908927
0.90230143
0.90932363
0.98022467
0.49878523
0.9866894
0.9735605
0.9755829
0.9583317
0.95799416
0.8544437
0.98871684
0.8856038
0.58422583
0.96076554
0.9840679
0.431512
0.58327323
0.9875882
0.9653035
0.9861816
0.9316068
0.9726572
0.8470125
0.9918223
0.9909923
0.04325924
0.8768656
0.9566095
0.24934568
0.8762938
0.795052
0.9354009
0.76721525
0.96323663
0.98252827
0.752663
0.92584324
0.7301538
0.9221786
0.9812843
0.94517845
0.8337741
0.92674637
0.5865461
0.97782975
0.62165904
0.9761544
0.9130352
0.96055263
0.02521968
0.94792527
0.60281456
0.6587186
0.9801609
0.98015046
0.8904421
0.887102
0.97978586
0.9807098
0.9808137
0.5416435
0.9577799
0.98767906
0.81949115
0.93592274
0.96111333
0.95321345
0.99001276
0.8500569
0.98101014
0.95974904
0.7611471
0.96227443
0.872684
0.95407414
0.86025614
0.9611276
0.6393062
0.98912686
0.8618509
0.9900108
0.93191046
0.9890258
0.8648252
0.9631407
0.72738
0.8357224
0.9850603
0.95617276
0.97633255
0.20917328
0.4554276
0.9766816
0.9853447
0.85415226
0.74234414
0.30885217
0.971753
0.9865509
0.98796684
0.9787377
0.98330253
0.98591423
0.95748144
0.85101986
0.9261261
0.7635103
0.9765747
0.40050095
0.24220178
0.9259452
0.91082025
0.8275923
0.97441286
0.89973044
0.91407263
0.9899979
0.8568873
0.68449455
0.74161965
0.44329956
0.6467519
0.69609576
0.9056266
0.9919184
0.96000475
0.99025035
0.5451195
0.5447703
0.5743429
0.97042745
0.98420006
0.60549223
0.97376347
0.97005415
0.9913351
0.779388
0.99035573
0.96179336
0.99271953
0.97032577
0.98350775
0.97588
0.96850014
0.9786028
0.6891413
0.627133
0.9736843
0.44116274
0.6909505
0.9890387
0.9865122
0.7558198
0.99080527
0.67512697
0.88110346
0.95196295
0.88217664
0.5029887
0.80752575
0.2940991
0.69568
0.9061384
0.8275021
0.9651571
0.946995
0.97205883
0.5395473
0.1188451
0.95412654
0.9875043
0.95888394
0.35710263
0.88574916
0.95809275
0.97927195
0.987823
0.4392606
0.9339996
0.6745761
0.5828069
0.98628926
0.9573431
0.9541768
0.98244804
0.52711034
0.977335
0.956767
0.99080795
0.70034564
0.603755
0.9453196
0.9633981
0.8753825
0.9434139
0.9901164
0.82200235
0.9159509
0.7755469
0.9715485
0.65187585
0.9838501
0.58074564
0.89099866
0.98051476
0.78004104
0.9659948
0.5582605
0.94012284
0.7660585
0.9184463
0.9240436
0.77362907
0.9584413
0.9291079
0.04054516
0.51509315
0.9850369
0.87845266
0.9727571
0.8443309
0.96322423
0.8520655
0.9914567
0.28434786
0.9739827
0.8876033
0.94289345
0.9607423
0.97651917
0.93404347
0.6180185
0.7022661
0.8688206
0.56737435
0.9448316
0.9083026
0.937989
0.61990875
0.99287146
0.8883768
0.73374975
0.7925327
0.745627
0.92864746
0.95399046
0.89260995
0.8908252
0.96835816
0.6607784
0.9782787
0.88932586
0.9567858
0.5121416
0.8898573
0.8327872
0.8941174
0.98488533
0.95679265
0.94091046
0.8808951
0.9865058
0.96823657
0.97317696
0.93126005
0.71941036
0.9878962
0.97986346
0.57302165
0.86205906
0.48097733
0.7729914
0.9602165
0.9429147
0.96703726
0.992164
0.99302685
0.9543091
0.9748775
0.9346478
0.97988725
0.57772297
0.87502086
0.63305604
0.96055377
0.6626099
0.77076614
0.92121553
0.9711267
0.99356705
0.1320685
0.8837285
0.912415
0.75710934
0.95937765
0.4454786
0.98241067
0.9115501
0.9841415
0.966501
0.73885953
0.7827179
0.9734421
0.96297276
0.98284644
0.91836405
0.885296
0.9426565
0.9501521
0.9746104
0.98011476
0.90937996
0.38580266
0.75897515
0.79619116
0.95323336
0.7709518
0.8959462
0.9674242
0.8712551
0.96923715
0.516298
0.6485965
0.7734098
0.81461793
0.7483097
0.68395925
0.9928422
0.94695663
0.92507106
0.9756916
0.75405586
0.98935074
0.9361471
0.012811965
0.7913808
0.96435344
0.94545895
0.75819135
0.98108304
0.93424135
0.61953014
0.74385285
0.66915035
0.7340054
0.954625
0.9771343
0.79351044
0.6370094
0.9485049
0.977196
0.98666406
0.65462893
0.8962945
0.9841128
0.6096384
0.09426925
0.7513208
0.93862754
0.986777
0.9066474
0.69437873
0.93411005
0.9854634
0.9864259
0.9780918
0.9698786
0.2582224
0.98934025
0.802829
0.8952883
0.9806475
0.9549355
0.37837273
0.96846604
0.37131503
0.9147085
0.9653215
0.5024395
0.93475354
0.9898838
0.9073939
0.9651831
0.94895387
0.81668377
0.9196709
0.63921666
0.9847579
0.96325296
0.9900635
0.27761623
0.9947891
0.9225019
0.95291555
0.94491315
0.95127606
0.93508214
0.7492479
0.98840374
0.9605797
0.69676775
0.957014
0.9525194
0.92378163
0.6349949
0.96846586
0.980553
0.90013784
0.9847067
0.98343915
0.9777244
0.9844453
0.87426805
0.977426
0.98129547
0.83137393
0.9537209
0.8723917
0.94670105
0.9796967
0.76848155
0.9943421
0.9769926
0.77203
0.99057335
0.979812
0.94785076
0.9173493
0.9880385
0.96506596
0.99021053
0.9710594
0.77809024
0.90507805
0.98233366
0.94606054
0.85523725
0.4341917
0.98823744
0.9864292
0.97145855
0.9897844
0.9283864
0.9721859
0.6706766
0.9668841
0.6232112
0.99368167
0.8823599
0.969361
0.009903346
0.90775055
0.88414437
0.91832775
0.9884411
0.97360706
0.8910227
0.95307976
0.9811529
0.8569466
0.914712
0.9568681
0.42308637
0.9907967
0.8469946
0.96129864
0.74427015
0.9513977
0.64872813
0.97914416
0.8421518
0.98613757
0.846016
0.9697986
0.14106818
0.7624632
0.7523157
0.6551479
0.8471444
0.97125655
0.9604069
0.9038227
0.7451614
0.8659604
0.7672188
0.10186069
0.81294847
0.9508683
0.0031434412
0.96823364
0.77320135
0.9903278
0.9769776
0.44025537
0.98874587
0.91060394
0.98589337
0.9785575
0.95426744
0.8761056
0.9927435
0.9849732
0.97918516
0.9874423
0.66414064
0.9866666
0.9905614
0.98874843
0.95189553
0.9186348
0.88479877
0.8498487
0.91871727
0.23029718
0.9788175
0.89448327
0.9605391
0.9678931
0.93937683
0.12311116
0.9858947
0.84102136
0.957604
0.95915306
0.9622878
0.93560654
0.6210002
0.97129637
0.9789797
0.97203416
0.97914356
0.9765593
0.96740806
0.44669372
0.73689914
0.98499006
0.92568547
0.95605934
0.9625383
0.90178674
0.9423579
0.9503843
0.86482537
0.6755927
0.6470254
0.3936586
0.93436545
0.92338586
0.5970064
0.9841001
0.7526988
0.98106027
0.50445443
0.88215846
0.63722706
0.9747133
0.40255776
0.7849641
0.79624295
0.7682102
0.97193843
0.95703727
0.36121315
0.9826293
0.88017297
0.9159654
0.91550636
0.89206165
0.8873271
0.9729566
0.9908652
0.40769324
0.83004487
0.9659868
0.9863259
0.97676426
0.94023114
0.9853543
0.9782438
0.8637532
0.92212623
0.9007233
0.98602575
0.8829345
0.98836017
0.96193147
0.9615515
0.9357844
0.97166294
0.9210598
0.853164
0.93190056
0.9859574
0.9799816
0.8923046
0.73782146
0.6070502
0.8223465
0.7366908
0.90944934
0.98081124
0.97226197
0.9877528
0.8971328
0.82097036
0.987761
0.9870564
0.697722
0.952003
0.96297014
0.97043276
0.14683308
0.96684754
0.9925358
0.9051258
0.98408234
0.5564584
0.97983426
0.9741071
0.8124365
0.97710186
0.90386117
0.93884337
0.98601645
0.9307738
0.90785426
0.9482727
0.7608169
0.9868552
0.97693074
0.95646864
0.9269215
0.952729
0.91755784
0.803919
0.88669574
0.9881982
0.9515174
0.9304454
0.98171073
0.9268497
0.8825055
0.96286213
0.9328559
0.9867632
0.37376094
0.97361463
0.95430714
0.7392926
0.68792796
0.3897734
0.91329956
0.91118145
0.9773602
0.9706542
0.97584414
0.94487226
0.9772649
0.97166675
0.6716988
0.9627827
0.22463924
0.95307505
0.9781481
0.88860303
0.75212455
0.9853711
0.72893006
0.9224236
0.8560232
0.98139155
0.9839144
0.7616544
0.9772486
0.9303871
0.90806174
0.8612029
0.63789225
0.44299892
0.8356799
0.955299
0.99077636
0.98667496
0.38596222
0.98442245
0.9792595
0.8041484
0.98019683
0.96212596
0.55687404
0.09823749
0.26839113
0.98681194
0.9848524
0.962623
0.9807632
0.915001
0.6845545
0.94660604
0.84634984
0.6144833
0.91149235
0.97066826
0.8734701
0.6360166
0.9948719
0.7653663
0.24808227
0.6163496
0.94208866
0.99249566
0.9735362
0.9471173
0.90814245
0.9734212
0.9592359
0.53911614
0.96871847
0.9251606
0.870277
0.22290531
0.86909467
0.99258876
0.97827506
0.06123965
0.9386586
0.9894237
0.6974327
0.98148715
0.9364237
0.9496814
0.8098335
0.90753734
0.8953741
0.9638098
0.5680454
0.55100024
0.9331406
0.9284537
0.96744597
0.85350716
0.6852265
0.67983013
0.2935023
0.54144615
0.98765147
0.98061645
0.91686493
0.84736305
0.99172324
0.7705239
0.9260589
0.9105534
0.9773416
0.94944125
0.97222275
0.7138653
0.8583635
0.9688431
0.1238049
0.7326912
0.9808287
0.9649841
0.86482984
0.8611416
0.96077913
0.93543106
0.94710654
0.8599019
0.9789971
0.5960156
0.11766143
0.8734874
0.99094653
0.40494752
0.9239979
0.792941
0.8073007
0.57683086
0.78076965
0.4948831
0.991314
0.7745967
0.94760674
0.8241251
0.49565664
0.9792802
0.9821813
0.65019554
0.9873247
0.3686764
0.9691216
0.9190439
0.905116
0.32952416
0.84493357
0.96547794
0.9653544
0.54694116
0.3819083
0.8360084
0.92115927
0.9718294
0.68482065
0.99150336
0.9487934
0.6227135
0.23100942
0.9886197
0.92923224
0.9259958
0.9828211
0.22363906
0.9286927
0.9185713
0.33281404
0.9413593
0.6733198
0.80442345
0.9155916
0.9140516
0.9274328
0.7690605
0.41624978
0.7003986
0.22975484
0.98994154
0.47065213
0.8946089
0.978516
0.56624085
0.864192
0.79706967
0.84811854
0.8957488
0.038573135
0.9638254
0.895911
0.9294113
0.3673617
0.85834503
0.7679074
0.9785277
0.9429737
0.9384096
0.86642677
0.7031598
0.90835315
0.95485705
0.8480685
0.958934
0.9700388
0.77389646
0.5960534
0.7323993
0.91874313
0.8580478
0.9752064
0.79871935
0.98533785
0.9878192
0.9294704
0.9564798
0.9841877
0.9768022
0.93498355
0.96489745
0.30973655
0.2443901
0.93035036
0.7929291
0.9830493
0.9757047
0.9504483
0.26653442
0.045413245
0.98025113
0.9388615
0.96742755
0.8888996
0.9926714
0.94941884
0.015857985
0.1515453
0.9317262
0.9106914
0.9646499
0.65006924
0.82084227
0.8337965
0.7682632
0.91978705
0.82428354
0.9169698
0.8787868
0.96356446
0.96945107
0.8595928
0.9807993
0.19608665
0.72289884
0.9331117
0.0039683497
0.9172594
0.90659505
0.9705654
0.98553586
0.5108718
0.79153687
0.9142951
0.8257201
0.96488655
0.51387167
0.98312205
0.96739334
0.9953621
0.9800545
0.94849795
0.77009207
0.8246121
0.2874436
0.93161994
0.8539681
0.55290383
0.9486714
0.8877652
0.98514545
0.8266363
0.50949025
0.9789266
0.7119579
0.98434955
0.29232743
0.9344007
0.8132616
0.9340203
0.9445301
0.9469678
0.95967
0.97971606
0.89970845
0.9775034
0.9746651
0.5966508
0.46936607
0.99277157
0.8196022
0.1545369
0.75984406
0.8253058
0.8683018
0.5218587
0.60841364
0.9913549
0.60077757
0.87724245
0.88897026
0.9114702
0.78980744
0.9824363
0.9906606
0.969814
0.9577002
0.91953146
0.901559
0.901432
0.72463375
0.41545612
0.99271774
0.9553496
0.8351362
0.5474107
0.49443546
0.9357413
0.80220854
0.9789245
0.92789155
0.9356445
0.90743256
0.04061483
0.9947253
0.9792798
0.97219086
0.97877014
0.9896846
0.91348743
0.9839914
0.97055614
0.9859035
0.37743896
0.9176353
0.39631495
0.9786179
0.8005144
0.95866334
0.97745913
0.9935202
0.79966056
0.9026571
0.10834089
0.98000526
0.8147332
0.98418474
0.72260815
0.9265658
0.5993959
0.95145696
0.6125952
0.9235533
0.56232387
0.907222
0.0013261454
0.9364196
0.49389333
0.982959
0.9643149
0.96717495
0.98680174
0.90537274
0.7152096
0.8470473
0.92928094
0.93407923
0.97617996
0.93088514
0.9757647
0.72027093
0.9138425
0.4430489
0.84904176
0.97859246
0.85294855
0.93208486
0.9714379
0.9747891
0.9875786
0.5990338
0.9275922
0.92785764
0.58350414
0.9165702
0.96628165
0.9553058
0.9734082
0.9870199
0.890143
0.79514056
0.95714355
0.83785385
0.9877967
0.99096674
0.93165576
0.60293055
0.78310645
0.83347076
0.97496945
0.82060134
0.9658492
0.9383896
0.6543426
0.9635629
0.8798943
0.9668813
0.9635153
0.6208506
0.91465056
0.90598136
0.90560895
0.96383137
0.9722134
0.8973038
0.97221947
0.9234556
0.8887533
0.8055647
0.9884991
0.9782606
0.9482801
0.17466512
0.96763927
0.6237553
0.9595782
0.8776671
0.9238593
0.6688506
0.89863247
0.9487296
0.14010613
0.9498653
0.95143193
0.9147913
0.96718407
0.6472326
0.98610395
0.8545693
0.86598325
0.93744105
0.9852697
0.9709476
0.24292701
0.9054203
0.9280766
0.9238346
0.82552
0.98364013
0.37067512
0.92744476
0.9629646
0.9021355
0.92444164
0.91465646
0.9915413
0.7680799
0.95829284
0.9256853
0.9213374
0.66807187
0.5240776
0.4147502
0.9244401
0.9510801
0.983448
0.91473407
0.38406375
0.56556374
0.60307044
0.7094985
0.92091364
0.8349559
0.9941673
0.77449286
0.95258
0.98603606
0.79588515
0.87629217
0.9537953
0.30473334
0.8036559
0.7396758
0.6050914
0.69299567
0.22163819
0.8077015
0.9896758
0.553939
0.96220475
0.8796797
0.95842195
0.8465627
0.53153396
0.97706634
0.96452856
0.9531794
0.9799437
0.85156626
0.97569865
0.9915394
0.9902118
0.8829529
0.9441052
0.784602
0.99103546
0.92816716
0.9920752
0.9810703
0.96888596
0.94941044
0.83595777
0.97761106
0.9951474
0.59908545
0.99071676
0.33799896
0.8775827
0.5231864
0.9850906
0.9654466
0.89061886
0.39377597
0.9531532
0.9302043
0.98360014
0.85132515
0.7926194
0.9917679
0.44465363
0.9504666
0.91790974
0.98429525
0.9829664
0.7791729
0.46513647
0.94245994
0.88963276
0.9904378
0.8498952
0.59731215
0.86214334
0.946817
0.62671036
0.9757794
0.93646383
0.9215079
0.9202186
0.91609055
0.9861069
0.9126264
0.5188776
0.94399565
0.9651208
0.6919695
0.92125136
0.9875256
0.96913415
0.81327707
0.15295458
0.87961125
0.9614229
0.97158694
0.9701498
0.9457431
0.95551383
0.77361244
0.96106195
0.9884106
0.9152124
0.95413196
0.95880806
0.5690701
0.84165
0.8846823
0.92466295
0.98341125
0.9881549
0.9717488
0.7768121
0.9904412
0.865114
0.8809663
0.46516886
0.9923454
0.8639876
0.92314607
0.9632395
0.9043568
0.9517652
0.9579757
0.26918733
0.8802281
0.98913294
0.98652554
0.41591203
0.9466083
0.9171665
0.6042568
0.77302176
0.97656494
0.95115674
0.9562121
0.96452755
0.8181799
0.98952544
0.9700013
0.9642659
0.9832723
0.6782954
0.96883214
0.8159291
0.95563084
0.90423316
0.709566
0.78022885
0.98650557
0.94494146
0.9069037
0.9504827
0.8350202
0.95869327
0.98047787
0.97606575
0.93582606
0.841963
0.9828578
0.543212
0.8081449
0.7239345
0.96488845
0.92902553
0.8673211
0.66288215
0.98448366
0.9004354
0.54535437
0.6557717
0.9676086
0.6147677
0.84711075
0.95798117
0.46372217
0.9942978
0.9287405
0.9683741
0.9603229
0.92941767
0.9656984
0.9725761
0.22606266
0.9207521
0.99856937
0.99004585
0.9039409
0.76395375
0.9061712
0.423692
0.6379255
0.97544134
0.9568897
0.9967123
0.94746846
0.9793915
0.9201513
0.863169
0.971857
0.99347645
0.63991535
0.9823285
0.94095296
0.72122186
0.45255756
0.74713135
0.90868735
0.92240304
0.8714115
0.8153639
0.50426775
0.82138306
0.98280346
0.89825064
0.94342333
0.9499476
0.94821227
0.59119225
0.57919425
0.9454272
0.66587144
0.986478
0.10827428
0.6759499
0.98383594
0.05036312
0.9435374
0.9751686
0.9858289
0.9684513
0.8695443
0.62715656
0.7636034
0.90711933
0.94586223
0.97551537
0.795205
0.77771556
0.95579803
0.85337466
0.9761028
0.9136501
0.18369694
0.9861994
0.7556676
0.6968427
0.96440667
0.94328445
0.9468534
0.7246921
0.86395997
0.9671816
0.9195409
0.8439405
0.7651958
0.9049216
0.83826554
0.875421
0.9072981
0.95863605
0.24897875
0.8675322
0.7098043
0.69277984
0.94278216
0.9862174
0.38731188
0.9642317
0.9317986
0.046133984
0.9568561
0.8856283
0.9053368
0.8322125
0.8944923
0.8698064
0.6902335
0.5099076
0.9575101
0.9517561
0.95641893
0.9327177
0.23220155
0.8216271
0.59118533
0.39862522
0.47732934
0.40851837
0.96217555
0.54771525
0.99008876
0.95368665
0.9752354
0.92019135
0.98011816
0.96968764
0.87799513
0.9881853
0.94892126
0.9666912
0.9659286
0.97556823
0.9491804
0.990555
0.8724098
0.78380257
0.9847275
0.6885146
0.48645923
0.8230578
0.822784
0.77433574
0.94254607
0.9552398
0.9043212
0.8963149
0.87496656
0.9937681
0.97172374
0.7898854
0.9223443
0.9162483
0.9034244
0.948417
0.8525733
0.83140993
0.85096383
0.87138003
0.6336171
0.61868167
0.9798196
0.97559637
0.43380123
0.8818431
0.9709118
0.98541576
0.4092943
0.95683426
0.96684265
0.11761025
0.68765205
0.9621198
0.8245388
0.21161821
0.9515742
0.9894316
0.93362296
0.98847115
0.32676584
0.46085438
0.9412919
0.9746581
0.8303738
0.6800355
0.8985231
0.19090293
0.8123223
0.89607865
0.9847537
0.97941875
0.79551035
0.77515763
0.7616015
0.98488265
0.7991098
0.83210063
0.95180416
0.6299497
0.7049543
0.96448874
0.9429395
0.7917005
0.9952685
0.7492375
0.8656488
0.9335578
0.98583305
0.7074382
0.5724349
0.87129056
0.6909028
0.973824
0.9898775
0.73931336
0.9808008
0.8988714
0.6540196
0.84624505
0.77172
0.98608935
0.7897789
0.92889136
0.7107053
0.9758995
0.7075807
0.82177436
0.9812243
0.7945121
0.98276365
0.6623929
0.95927376
0.856531
0.9581151
0.6366809
0.6583067
0.18057154
0.86062384
0.9361058
0.91655046
0.97469234
0.9619413
0.35666347
0.7133156
0.90920043
0.9850102
0.7781081
0.97771
0.89489347
0.70954025
0.7160701
0.9342428
0.88546664
0.9195539
0.97930956
0.9135026
0.93328434
0.6521065
0.89785343
0.91300386
0.3058015
0.97222704
0.99122447
0.69280267
0.9653087
0.7484014
0.9859211
0.9943146
0.7852391
0.98881686
0.47734517
0.9702013
0.99035585
0.98174965
0.8016991
0.7997608
0.9755794
0.930865
0.9767287
0.9681069
0.9750333
0.94515866
0.9821286
0.93068403
0.8666754
0.8225145
0.9211179
0.9890782
0.9946819
0.95448685
0.37863293
0.8494575
0.8349052
0.845884
0.9804859
0.88519573
0.9748214
0.1928736
0.8687022
0.9590922
0.9868535
0.8523379
0.7125723
0.92852336
0.9882472
0.9871984
0.93168783
0.99175346
0.35119414
0.8439393
0.94084215
0.6228974
0.7473489
0.64094466
0.9767432
0.76115704
0.97907937
0.9709706
0.89959866
0.8748418
0.82737744
0.71978945
0.85294473
0.9038747
0.9818356
0.9366902
0.8823703
0.9227632
0.20769352
0.98741025
0.7929125
0.9778503
0.98925143
0.9820494
0.8805564
0.98413265
0.90825146
0.9688995
0.98702675
0.9524262
0.8313877
0.9833265
0.54351777
0.9327188
0.9733393
0.98191285
0.9897758
0.74959946
0.89414775
0.96524173
0.96275073
0.9864699
0.99128777
0.8676855
0.78273726
0.5897148
0.8329474
0.98792505
0.952847
0.75357765
0.7784286
0.7459312
0.9693671
0.9512151
0.050000127
0.6727873
0.9619864
0.94801176
0.4437953
0.41071835
0.9863361
0.9687191
0.9932934
0.9675152
0.6342568
0.9928681
0.7189423
0.98999107
0.8849833
0.5864738
0.56064266
0.9249575
0.992235
0.9348398
0.699379
0.92504597
0.789185
0.9001246
0.9792438
0.92361015
0.9605486
0.8226319
0.9089745
0.8420032
0.920962
0.95656824
0.8324927
0.9861645
0.9928018
0.9411264
0.90092564
0.9821706
0.92578036
0.9884848
0.89702123
0.880605
0.9621741
0.9255493
0.9775574
0.9178868
0.9414409
0.83996105
0.9919699
0.9221915
0.92752576
0.9619489
0.8805895
0.8466764
0.90549463
0.98490185
0.8437991
0.7230354
0.95813423
0.93361884
0.6716135
0.6137223
0.89274067
0.64326555
0.87061816
0.98819774
0.9831215
0.9897063
0.8528187
0.90738
0.9474019
0.8656199
0.33362052
0.9475387
0.98912305
0.8562549
0.77210367
0.99099296
0.7732436
0.718005
0.9899989
0.40787545
0.78722054
0.7912611
0.80074733
0.86517376
0.9450496
0.97842777
0.789234
0.97205925
0.27820152
0.9843615
0.74729013
0.7548235
0.829958
0.9859346
0.958743
0.8100376
0.8895499
0.655642
0.9608002
0.9926489
0.9794129
0.9761524
0.99281293
0.9799352
0.9867775
0.9690726
0.9706032
0.89693135
0.96992266
0.7294676
0.8520283
0.9876615
0.99085325
0.9143744
0.96304166
0.97225374
0.90180826
0.9637614
0.99344593
0.7384104
0.86610395
0.98596036
0.5907873
0.8917791
0.95903015
0.71649677
0.9930148
0.9396824
0.98249704
0.21473987
0.98165405
0.71785843
0.94978976
0.9739914
0.9708232
0.92423403
0.9921496
0.9777895
0.88045746
0.83413494
0.9919059
0.9357825
0.90404236
0.9899983
0.92145807
0.8622453
0.9843061
0.956568
0.96645385
0.9734886
0.9535974
0.9880746
0.95980066
0.6986421
0.7393273
0.96914613
0.9832918
0.95668334
0.9745141
0.9714111
0.8889678
0.98631686
0.9791221
0.94328046
0.79050094
0.8425887
0.23790877
0.5912751
0.9725343
0.9791018
0.94660544
0.657318
0.76568174
0.9671404
0.92270994
0.9518648
0.78778195
0.91413176
0.75284415
0.7635116
0.92324686
0.69572765
0.92389846
0.8576037
0.9339193
0.16958664
0.8447411
0.9756722
0.9341276
0.96674645
0.972772
0.9884242
0.65980136
0.97727317
0.97360307
0.93766856
0.9623634
0.8799822
0.45079243
0.93363637
0.24147728
0.9302551
0.8969005
0.8254618
0.9421194
0.9292893
0.9408116
0.9709844
0.858299
0.93886787
0.50987655
0.9812532
0.93897593
0.8823021
0.97757053
0.9725592
0.84222484
0.71292377
0.23298639
0.7933022
0.9483027
0.6407085
0.9617732
0.88895786
0.938439
0.9642223
0.9591529
0.9034818
0.95677716
0.9817531
0.9218507
0.98476404
0.9458102
0.7466658
0.75511426
0.3514598
0.91945446
0.82308674
0.96390986
0.8558693
0.7176329
0.7781925
0.826372
0.7972128
0.8453785
0.97823745
0.98387134
0.924928
0.9938839
0.97080773
0.47955522
0.969092
0.91905296
0.7978447
0.9754562
0.97706205
0.8969022
0.1811933
0.99206865
0.9438506
0.6383473
0.95357317
0.7017897
0.8682857
0.9166952
0.77973086
0.83233976
0.90251344
0.618165
0.97428584
0.9525087
0.99129045
0.940732
0.9251553
0.91956544
0.87077487
0.68333167
0.97166955
0.7886718
0.3180281
0.33901107
0.36282355
0.8150573
0.6414026
0.8442946
0.39162275
0.337234
0.87506694
0.98114693
0.9808337
0.8980117
0.9371135
0.98880357
0.96524626
0.2947683
0.9289024
0.8380365
0.87430584
0.012859734
0.9667702
0.9892602
0.8543768
0.93623054
0.6226389
0.97164166
0.77276754
0.9495105
0.9565982
0.9250585
0.9619992
0.9484471
0.98658097
0.91809326
0.51316595
0.9025445
0.9747625
0.9905144
0.86973286
0.95698535
0.89053714
0.4914352
0.915458
0.9784725
0.9402861
0.95883316
0.7209118
0.9507101
0.65474993
0.9592134
0.85976523
0.017357193
0.8428555
0.9649727
0.91805536
0.88676816
0.9344611
0.98162866
0.98383427
0.9577665
0.5169661
0.55901843
0.6046672
0.70386004
0.9409042
0.5068158
0.980295
0.82466877
0.8594856
0.91628534
0.98484147
0.9627564
0.961244
0.98838043
0.988384
0.76450115
0.9872837
0.9140225
0.9655303
0.4308007
0.8001218
0.92962265
0.93551546
0.95276296
0.85718113
0.938512
0.6759877
0.95455396
0.89629644
0.54129773
0.45057923
0.7390528
0.775657
0.9462327
0.7867333
0.8828335
0.94241107
0.9658821
0.45908743
0.98047286
0.88256955
0.89754057
0.9659457
0.84818035
0.99121267
0.9597446
0.9267164
0.9680053
0.30065343
0.9619193
0.89091384
0.7820615
0.6446015
0.994383
0.9864331
0.9090225
0.9652525
0.8177494
0.85839003
0.9460414
0.2792794
0.77231294
0.9487414
0.90642345
0.94613135
0.9442172
0.97601765
0.8372483
0.991791
0.4730411
0.99289227
0.8037301
0.9567552
0.14895265
0.97849715
0.81384265
0.98628217
0.109802894
0.9645439
0.19964032
0.9522783
0.86644334
0.96303535
0.6555181
0.84465736
0.69749683
0.9686036
0.83858174
0.92472523
0.95515674
0.9047106
0.9842242
0.93794703
0.97645664
0.88501513
0.93627036
0.9598345
0.9176687
0.97757417
0.7752442
0.72150356
0.6786473
0.94405687
0.97816896
0.54626054
0.8226762
0.97950155
0.93207335
0.930832
0.7415015
0.7406777
0.88158804
0.98945856
0.970831
0.8088196
0.9535786
0.43235594
0.1769159
0.97215164
0.94406694
0.8943651
0.9740313
0.94498634
0.77456313
0.86933416
0.9830889
0.99272376
0.8882387
0.6352367
0.3541576
0.9894338
0.9696269
0.9703532
0.99019885
0.9231421
0.9690363
0.9739836
0.9697305
0.28943247
0.5971754
0.99266875
0.9706556
0.8515557
0.9702712
0.9878584
0.0817082
0.35368407
0.5106906
0.8679904
0.97720563
0.969041
0.9798244
0.96928567
0.08072319
0.9681009
0.98589504
0.904756
0.98546994
0.9413631
0.96788365
0.86874294
0.9858181
0.9332376
0.69663227
0.956726
0.94383633
0.96807
0.97428495
0.93024325
0.979154
0.9501963
0.9287259
0.985683
0.96228206
0.8450572
0.8695977
0.8077028
0.9849997
0.9332281
0.96097296
0.9151478
0.5871939
0.9781367
0.46319932
0.708049
0.9929773
0.9151781
0.9060102
0.98709285
0.8094547
0.9193129
0.98082113
0.9814771
0.9857164
0.91362274
0.9443035
0.6285606
0.37241122
0.9670501
0.39693937
0.83805746
0.9761656
0.89041156
0.98287624
0.9723715
0.13339396
0.9467988
0.8742438
0.7118646
0.64196557
0.96596986
0.17165938
0.9109697
0.95221883
0.83869624
0.58569515
0.98555285
0.7907528
0.9914773
0.86609054
0.98201835
0.96616566
0.9840044
0.9821801
0.9928685
0.8324207
0.96126103
0.8789707
0.99056596
0.9676417
0.99253803
0.9778439
0.97021604
0.8299646
0.98543304
0.9812657
0.99516416
0.99237543
0.97032624
0.94716763
0.98397106
0.7505749
0.50415
0.9487139
0.5769413
0.9559204
0.9640315
0.97664785
0.92845905
0.98532134
0.5299579
0.98163635
0.4110352
0.98788774
0.9934228
0.9254852
0.94071376
0.9805876
0.8938485
0.824464
0.9286812
0.91348475
0.7775048
0.84753686
0.98412794
0.98649347
0.88639176
0.9846639
0.6455486
0.9568265
0.98334724
0.9843088
0.87775755
0.6478787
0.989532
0.47469002
0.9870455
0.951562
0.89981335
0.9716377
0.06780824
0.5154281
0.9896512
0.95069635
0.82536453
0.9865086
0.97759914
0.42058128
0.98621666
0.7705361
0.87148076
0.9780993
0.9859283
0.57061416
0.7865688
0.9655961
0.5361103
0.00904145
0.9705577
0.974289
0.9321383
0.8253559
0.62935627
0.9844242
0.9543688
0.0168653
0.6502836
0.7491629
0.9527971
0.40606552
0.8151822
0.9368417
0.92735195
0.99324834
0.7237591
0.96529573
0.91499156
0.9239812
0.6473191
0.39072987
0.86091566
0.9818757
0.9856961
0.9820687
0.960876
0.3087738
0.5590392
0.54652596
0.5757555
0.74134266
0.42057395
0.9813767
0.70915514
0.9896249
0.9636127
0.0012287047
0.9843752
0.3737761
0.9153376
0.99372756
0.99089783
0.25722528
0.953675
0.9834695
0.9908612
0.9580096
0.5767088
0.9901772
0.88686895
0.40845928
0.94494176
0.9930453
0.97834384
0.96908665
0.9936545
0.6827215
0.9429829
0.98519903
0.6005203
0.98798555
0.9238808
0.973777
0.1937744
0.9806475
0.888973
0.9118155
0.91326576
0.96053153
0.7995905
0.8885123
0.45397785
0.9494114
0.93421835
0.85201705
0.9465766
0.6443929
0.81283545
0.30662012
0.95979595
0.3542037
0.7783106
0.7796369
0.100196615
0.9608216
0.90709513
0.91951203
0.6216462
0.9733749
0.98721933
0.21699795
0.97777987
0.9079126
0.63996404
0.9315732
0.8997068
0.9101692
0.9141549
0.93417674
0.9733343
0.93649834
0.95985484
0.29764324
0.9081888
0.14868844
0.9761233
0.8552054
0.9629961
0.916763
0.956301
0.908756
0.98291254
0.9597652
0.9577906
0.98259604
0.13456084
0.9803673
0.7780488
0.9642802
0.7898827
0.9454035
0.9522009
0.99337125
0.9925327
0.6994621
0.98543566
0.84153384
0.41991222
0.9737748
0.97820467
0.92763674
0.97075945
0.92820805
0.54311883
0.96562594
0.9759706
0.9022963
0.95936173
0.98252654
0.61596066
0.95702225
0.98463714
0.7465091
0.8650461
0.26407313
0.82785547
0.98050755
0.9923292
0.8882523
0.26442173
0.5806043
0.3323795
0.899174
0.98997736
0.9471102
0.7334626
0.9870799
0.9988494
0.9407005
0.9247373
0.6310953
0.37534633
0.9635465
0.9810219
0.96439904
0.35907078
0.47590283
0.9934412
0.55707204
0.72974116
0.8123397
0.9776955
0.9847072
0.91714287
0.97586876
0.936121
0.3784161
0.9919613
0.8806404
0.94926894
0.07242722
0.9891495
0.9462728
0.9691181
0.9619833
0.98383385
0.98497087
0.9574948
0.9877573
0.95092005
0.30665523
0.9440858
0.9440965
0.92713773
0.89732665
0.9187865
0.94485706
0.7496125
0.9447656
0.8219507
0.80931437
0.9523247
0.26857987
0.9915803
0.9528597
0.9757638
0.9838113
0.98059905
0.8296153
0.9193631
0.31598225
0.9156572
0.9608068
0.69244504
0.7688639
0.9568933
0.928182
0.97850376
0.6460272
0.22129077
0.4951803
0.74526364
0.92420787
0.9794194
0.98075986
0.9674231
0.93400925
0.793857
0.9913755
0.9619706
0.9775212
0.9465425
0.9920642
0.93628407
0.9877741
0.9086093
0.9835007
0.9835126
0.8063706
0.9885194
0.60791314
0.8723413
0.7047379
0.94044274
0.9553996
0.96258646
0.9690223
0.7193376
0.8910262
0.9507707
0.94779986
0.98287266
0.9659145
0.962368
0.94114375
0.9573026
0.82048
0.90218246
0.96489286
0.7743045
0.0037190062
0.9084431
0.97601175
0.8978197
0.84997034
0.824051
0.9260239
0.96297324
0.9301098
0.99034446
0.9736859
0.650627
0.97401494
0.97956216
0.64790463
0.9826837
0.95581627
0.84699297
0.5583505
0.90600353
0.9739129
0.9704823
0.898168
0.5908696
0.9762725
0.98449177
0.89572805
0.8837335
0.96762943
0.5367855
0.98511916
0.7043558
0.75352854
0.89483565
0.11564019
0.7500863
0.84158266
0.01907477
0.9500655
0.23051463
0.9701048
0.94231015
0.9803679
0.3536463
0.54867476
0.9058505
0.8619277
0.6452583
0.9549896
0.4707141
0.9811731
0.9833641
0.83889
0.75054884
0.9723494
0.8032603
0.9025616
0.41331866
0.9221781
0.89674413
0.9866301
0.95380706
0.85486645
0.9566291
0.9495223
0.9163064
0.97088516
0.76066446
0.9963319
0.9584476
0.9854313
0.8094185
0.9744994
0.6646459
0.7483361
0.96503055
0.8791245
0.9826506
0.7713633
0.9412545
0.98861593
0.8372086
0.7377703
0.53768426
0.6395934
0.96304166
0.94566584
0.8758121
0.96019846
0.19608214
0.6852096
0.84191984
0.98298246
0.77903724
0.94446915
0.79313886
0.38609773
0.91441476
0.9398195
0.92385
0.9919288
0.7595931
0.61404496
0.37896827
0.9800948
0.91133976
0.81112975
0.9732404
0.6986512
0.6066983
0.7846668
0.9371212
0.5625732
0.15929568
0.876532
0.97637266
0.9753248
0.9493712
0.9750093
0.96197295
0.96474695
0.83514106
0.9115983
0.9132305
0.9754463
0.64216423
0.98595935
0.9639478
0.93130386
0.983136
0.9787072
0.90666777
0.66327035
0.9572771
0.9293269
0.8402393
0.70253783
0.97684115
0.5862169
0.8597758
0.8259752
0.96798074
0.9925707
0.9166418
0.9010259
0.9839368
0.97381175
0.9420952
0.8869404
0.6779867
0.015433897
0.9281187
0.83297384
0.9120739
0.99325
0.98315316
0.9764672
0.8296728
0.8963289
0.979404
0.95692647
0.8592559
0.9687865
0.97886777
0.4878319
0.55504626
0.9866303
0.95498776
0.9625915
0.95342666
0.74594223
0.97648877
0.58550584
0.9928893
0.8449365
0.9900545
0.7886203
0.88350224
0.98367095
0.93213487
0.95825684
0.9314268
0.8564359
0.9751686
0.99453664
0.9614114
0.8527574
0.9511573
0.989916
0.7913336
0.9626323
0.89389145
0.88227713
0.9358887
0.8461661
0.87003
0.48237082
0.878287
0.6849517
0.5187636
0.99419564
0.95208406
0.9851598
0.9913244
0.9754258
0.7659166
0.95014244
0.97629535
0.90347713
0.4277634
0.821321
0.001544319
0.96731436
0.5703616
0.97953725
0.95088696
0.25042892
0.9820661
0.9351307
0.9870428
0.8976408
0.6642201
0.89024425
0.9465439
0.85799986
0.91974854
0.95506924
0.93802863
0.99019533
0.98655415
0.9760056
0.96554446
0.9153603
0.97450644
0.82497627
0.65143603
0.7665605
0.9701036
0.95978516
0.8792318
0.97414553
0.88146037
0.98443145
0.97722214
0.8575078
0.5424885
0.99813193
0.9555008
0.7959792
0.9564968
0.57207435
0.9438117
0.650219
0.23060673
0.9233558
0.8387995
0.99192315
0.8835522
0.83132064
0.23750989
0.43106484
0.56376344
0.9901276
0.38429034
0.9031374
0.9744753
0.7765483
0.84570235
0.536599
0.88366425
0.95982486
0.94477576
0.98807704
0.96953243
0.3265176
0.86336476
0.9349838
0.8766811
0.7828758
0.91481835
0.9715745
0.8275969
0.71810013
0.5538635
0.92403597
0.8998118
0.9855439
0.9864833
0.9674096
0.4001777
0.97807765
0.9447129
0.98512065
0.9300771
0.96547014
0.22442064
0.98026544
0.67375445
0.889894
0.9934012
0.99057055
0.7545008
0.90503633
0.96609026
0.99057686
0.8563394
0.99144965
0.9857512
0.94339967
0.9881583
0.87482905
0.87600636
0.95504475
0.9424352
0.8451188
0.81046516
0.98594993
0.9328839
0.99290496
0.989749
0.89233
0.282896
0.96433675
0.8131776
0.3609984
0.77318406
0.9839618
0.9404404
0.9927539
0.9777059
0.95486194
0.80398977
0.8256493
0.93657726
0.95115435
0.99095684
0.9264011
0.97318214
0.8040289
0.8721245
0.9650434
0.97231334
0.9814233
0.9545229
0.99092275
0.8936365
0.9807162
0.99611264
0.99016213
0.96663743
0.21804176
0.82617366
0.9877458
0.97510487
0.9379428
0.44676977
0.98228765
0.18764675
0.8832558
0.9332429
0.9885113
0.65132564
0.8976843
0.46486816
0.921331
0.9598871
0.99299955
0.97319835
0.97587377
0.9186572
0.58168596
0.9308182
0.881496
0.83574253
0.9069175
0.63560617
0.9873784
0.6860563
0.98679763
0.76694983
0.9862818
0.9084128
0.3353008
0.8376727
0.8566163
0.9172419
0.94633996
0.9864645
0.5116639
0.98164856
0.82242554
0.8689009
0.9761195
0.87269765
0.95956594
0.97377783
0.96813476
0.8826299
0.3214748
0.94908506
0.62325823
0.62731856
0.9819372
0.9547511
0.79042906
0.98671883
0.47904956
0.96977913
0.99476874
0.9036102
0.9903503
0.48220828
0.22666009
0.96682256
0.93650764
0.94193614
0.6552022
0.8706584
0.9174785
0.982569
0.8788777
0.95069396
0.8397797
0.98230904
0.9882289
0.8788448
0.7496026
0.87840164
0.7572555
0.41349298
0.91950464
0.88662636
0.8880027
0.9119315
0.67954034
0.98624855
0.80221355
0.9525724
0.9782194
0.96490556
0.94670594
0.9143752
0.86625886
0.95742613
0.98662484
0.9338952
0.8024481
0.92837745
0.8590268
0.9630787
0.64875436
0.954785
0.37081066
0.5435149
0.7972495
0.96843565
0.8773774
0.18092147
0.9361686
0.96338373
0.95687014
0.9381751
0.9739049
0.97907525
0.8478026
0.90366304
0.4589507
0.93099916
0.957791
0.9864079
0.85160947
0.8257544
0.9721609
0.98712593
0.9719329
0.9053417
0.9565703
0.9694091
0.9109857
0.14696339
0.9577812
0.95954204
0.93746066
0.9741554
0.93917626
0.96689266
0.29023755
0.9793057
0.9886142
0.9717782
0.922796
0.7759374
0.7039412
0.9090183
0.5967508
0.08966041
0.9818216
0.78135824
0.6005349
0.96331835
0.9377912
0.9547857
0.9930079
0.98974866
0.71871114
0.93741846
0.9879709
0.94450897
0.97981596
0.5609408
0.9829815
0.832345
0.9766456
0.6575523
0.9806542
0.6993531
0.93926996
0.8231992
0.9896221
0.8272947
0.57464826
0.52764505
0.9779758
0.6821098
0.9682303
0.8870793
0.93585306
0.9779679
0.46126664
0.91841644
0.9132274
0.89427423
0.91193795
0.99128515
0.90697706
0.55127484
0.46348742
0.97439164
0.81291616
0.9091112
0.7651186
0.9508439
0.8260923
0.97352284
0.96949345
0.2782085
0.9025026
0.8326136
0.7449944
0.7981521
0.5308231
0.88389146
0.35147804
0.85719466
0.8847072
0.88297707
0.9207766
0.98293996
0.85414636
0.96424747
0.98485816
0.52231824
0.9616213
0.7398164
0.94719553
0.95497835
0.35814837
0.9877913
0.8309989
0.9685932
0.9405058
0.9106152
0.9013044
0.86199003
0.59445053
0.9073031
0.984504
0.9864443
0.98698145
0.3792004
0.6472949
0.801045
0.9586708
0.89713395
0.0007470057
0.8126923
0.89997447
0.76030576
0.65010583
0.9759554
0.78975046
0.84910035
0.81064963
0.5429265
0.9767594
0.9767992
0.9609411
0.8521876
0.19137993
0.9884198
0.9825503
0.49214646
0.95840234
0.7541517
0.87258273
0.9738754
0.8376719
0.99283946
0.7830825
0.842817
0.9592542
0.9880199
0.9615359
0.9648797
0.719953
0.9671523
0.7416141
0.80418766
0.989921
0.94985443
0.77054137
0.8071983
0.92558116
0.5854721
0.9775949
0.963404
0.96779925
0.96631974
0.9026499
0.30907202
0.91900706
0.91466945
0.8357215
0.98000175
0.98552644
0.91158503
0.8738898
0.652954
0.9697472
0.36300617
0.96995026
0.31721595
0.9353058
0.90742356
0.9890667
0.97280437
0.8943453
0.42193958
0.98728067
0.7934571
0.8877187
0.7350116
0.96959114
0.07254411
0.9139261
0.97116125
0.9223455
0.7422685
0.6438903
0.9384718
0.88961655
0.94452095
0.2707259
0.9698762
0.73945445
0.68913287
0.983548
0.9772658
0.96980333
0.9914068
0.987818
0.95469207
0.8635149
0.92909795
0.40244636
0.90965676
0.93036383
0.96110797
0.9876095
0.9263885
0.91724074
0.904226
0.9909696
0.86035675
0.5878141
0.9582244
0.8925124
0.9901973
0.9453021
0.9465076
0.9222848
0.9615125
0.92991656
0.8784801
0.9305485
0.88006175
0.9922941
0.9875892
0.60575277
0.90517694
0.7475513
0.94953287
0.93967116
0.91470724
0.95784444
0.9329378
0.9442949
0.5061043
0.8653154
0.9918094
0.9856345
0.95538926
0.98602885
0.98386127
0.9606921
0.98478067
0.9902518
0.8606743
0.92027235
0.95854306
0.8646091
0.95783645
0.7230234
0.9688185
0.81884885
0.6484407
0.9870569
0.57669514
0.9373784
0.24463692
0.8114198
0.7447055
0.9505282
0.9847103
0.94954145
0.957003
0.9803609
0.9757734
0.9882762
0.84145266
0.6946879
0.52242774
0.94657147
0.7159207
0.7965403
0.9165559
0.96974885
0.98329157
0.34284
0.91930586
0.98401177
0.8782941
0.95753753
0.8222789
0.960453
0.9841726
0.38823417
0.9802185
0.9798973
0.9614079
0.9602538
0.9579221
0.98330104
0.6085259
0.9299122
0.97303176
0.862958
0.93929935
0.51013213
0.97292995
0.74343795
0.8186272
0.33361447
0.61337477
0.8426523
0.99224854
0.9009995
0.8043969
0.8997206
0.98682296
0.68744105
0.63808715
0.9287004
0.87625945
0.984027
0.8762189
0.2820288
0.92369306
0.9456679
0.8734756
0.86875004
0.049915653
0.93992144
0.6873702
0.8968647
0.9875624
0.9858273
0.8273387
0.8997371
0.91491306
0.85000384
0.9920636
0.7852498
0.98078465
0.8552936
0.42800397
0.96967626
0.9711703
0.9195621
0.6520326
0.8972758
0.75012827
0.99350464
0.97667456
0.96966785
0.9665141
0.41331187
0.9417013
0.86795616
0.9911937
0.9395619
0.7033535
0.91767794
0.8644928
0.94200647
0.8491949
0.98699147
0.97940695
0.9762042
0.86406726
0.7006655
0.39453685
0.9358993
0.8603606
0.9862968
0.9019676
0.8739782
0.98319155
0.9738678
0.9232982
0.8505548
0.9775497
0.86318475
0.9849637
0.9830199
0.53752565
0.97946393
0.99028265
0.91897655
0.96793437
0.74046427
0.98917437
0.69953924
0.71080965
0.9926893
0.71638364
0.94100744
0.86526835
0.8901949
0.838302
0.89059776
0.98975253
0.17525713
0.34642676
0.9536956
0.48281014
0.7954125
0.9854253
0.9620325
0.9663082
0.9856793
0.9200003
0.9555747
0.9603051
0.9703085
0.80714446
0.8390318
0.10614497
0.73892003
0.97165674
0.9800863
0.9259357
0.88655645
0.94268584
0.96760434
0.84929067
0.9881102
0.76890194
0.9557799
0.93925095
0.97217166
0.92234653
0.7901672
0.30244488
0.9230067
0.5657088
0.9158693
0.9838758
0.9817885
0.98043275
0.9759728
0.94269866
0.98251754
0.94321024
0.9530681
0.96211827
0.97653633
0.9730672
0.9838271
0.97883385
0.97072417
0.97458255
0.5238797
0.96848553
0.9451212
0.8983997
0.9833313
0.39669704
0.97420347
0.7439805
0.75668156
0.66141117
0.95176744
0.9822566
0.9914589
0.9855546
0.99225813
0.9923315
0.74161136
0.82682616
0.6884889
0.99040085
0.9260633
0.9434331
0.97054446
0.96855617
0.6402649
0.40950865
0.7003211
0.96143305
0.8225325
0.953291
0.8621443
0.76503766
0.48990625
0.9141669
0.8638287
0.9902777
0.92812806
0.97949535
0.9389297
0.9859234
0.9874374
0.89851946
0.7927583
0.84970695
0.96858156
0.88785267
0.8473518
0.97534364
0.7930123
0.83774483
0.94489825
0.246618
0.9422003
0.6787923
0.9055571
0.46828258
0.8634673
0.5456588
0.9799256
0.9908116
0.830935
0.94084156
0.9727528
0.96254605
0.9887814
0.8615658
0.97649664
0.98172414
0.93883675
0.968236
0.9682664
0.50329053
0.97106475
0.7381805
0.6468462
0.95040596
0.9829778
0.96212643
0.9651598
0.9178014
0.8887627
0.3562386
0.9625369
0.88410795
0.944544
0.90178084
0.97794276
0.9380405
0.6785563
0.85909295
0.29733536
0.923376
0.96814615
0.92534083
0.91141886
0.9958538
0.22117655
0.9854962
0.5365143
0.987632
0.7360999
0.52321565
0.45931467
0.9850782
0.9923723
0.70097893
0.98118746
0.97687316
0.9850251
0.9060879
0.38784903
0.7439376
0.74833804
0.95759654
0.9582837
0.9074809
0.98962563
0.9813058
0.16834837
0.93336475
0.8900906
0.9456221
0.78591025
0.77431786
0.76300406
0.42033637
0.90409654
0.9929483
0.16746847
0.90314424
0.23924704
0.9814711
0.85002905
0.2173447
0.9504473
0.8735025
0.8831603
0.9887489
0.98947585
0.8302463
0.84234077
0.7277425
0.38300803
0.0032127087
0.9600721
0.2945644
0.9786773
0.8945674
0.94164747
0.98561794
0.9716561
0.93846047
0.98867923
0.74639165
0.9925876
0.2656394
0.95183676
0.5626558
0.1148867
0.9781495
0.95706755
0.9881962
0.8588067
0.9694034
0.9850529
0.9759998
0.94350046
0.8011295
0.9739153
0.7198621
0.96715987
0.085711576
0.9898609
0.9530209
0.9870028
0.8119838
0.91943294
0.99097025
0.8341894
0.6192981
0.9393538
0.99120504
0.76619095
0.9105221
0.6860767
0.79323006
0.24177171
0.4509762
0.9719676
0.96404415
0.8360573
0.94273704
0.9322826
0.9829683
0.99325776
0.89478093
0.9541904
0.98697156
0.8815013
0.9645715
0.9305361
0.99193466
0.9137343
0.87562096
0.94206345
0.861552
0.8730515
0.7541828
0.95706457
0.8400522
0.8053072
0.9045889
0.5266467
0.9236775
0.98605484
0.966476
0.9904682
0.96902835
0.95865095
0.96696246
0.93884605
0.9830493
0.97938937
0.62603843
0.9722568
0.2422541
0.93952394
0.9589349
0.98422766
0.97929746
0.86432576
0.97995514
0.9759102
0.98930526
0.7555056
0.9124986
0.94906974
0.7755867
0.98847395
0.9541391
0.693168
0.8409766
0.9324
0.98508745
0.89860016
0.12199939
0.9468007
0.7752452
0.9900337
0.49770272
0.9926965
0.90430623
0.9818295
0.251049
0.9789667
0.9029193
0.98920107
0.80180293
0.81192684
0.8264347
0.6232931
0.92275745
0.8486154
0.9765886
0.9567488
0.38572165
0.8453675
0.9521189
0.0017564637
0.943933
0.78031784
0.95086426
0.97328466
0.6114953
0.9429346
0.95666957
0.9911112
0.87071973
0.9772323
0.66604584
0.7750688
0.87787884
0.96187866
0.8789457
0.98493123
0.98676956
0.8989657
0.16787541
0.61075866
0.66092443
0.71498
0.7216871
0.8707551
0.9726414
0.8409777
0.8133789
0.55198497
0.9050643
0.8837324
0.7107551
0.5408801
0.95243907
0.90106887
0.6512188
0.991602
0.9881032
0.7331378
0.6947766
0.58004093
0.6646099
0.470009
0.9668573
0.83949697
0.9655646
0.97942525
0.13259178
0.363871
0.58278406
0.8747587
0.63761306
0.97585505
0.9035096
0.54939306
0.9691404
0.34969956
0.9828888
0.6649999
0.9930478
0.87058353
0.80734074
0.95489365
0.20395987
0.7831936
0.79175615
0.4516908
0.9859541
0.97953254
0.984014
0.8784834
0.98633426
0.94087464
0.94523555
0.8296793
0.0015501339
0.90909964
0.29843292
0.7472401
0.9370755
0.26626638
0.96702695
0.29479167
0.4086725
0.5397858
0.95053947
0.9747694
0.9859869
0.8416111
0.9858068
0.9810588
0.79668427
0.9398669
0.85805935
0.93849397
0.9634596
0.6816906
0.9614879
0.8636857
0.7302877
0.96592784
0.9550388
0.8197201
0.6389886
0.93607664
0.953644
0.98735785
0.34342754
0.36815515
0.7451292
0.96938264
0.69876754
0.8872817
0.23038487
0.3780634
0.93304765
0.9399085
0.94032705
0.98561746
0.5608599
0.9803949
0.7921914
0.96528304
0.98769045
0.57540375
0.99421257
0.6279558
0.8241073
0.97472745
0.98476416
0.9521004
0.92846954
0.8201387
0.4497002
0.81493795
0.8961669
0.512751
0.94040024
0.82187825
0.96340156
0.36462456
0.9779334
0.977131
0.9400785
0.863238
0.9915418
0.96830887
0.9682741
0.94168395
0.442903
0.9096023
0.8590939
0.9230696
0.7470747
0.74274665
0.9256859
0.96522206
0.85831714
0.9714119
0.9643873
0.99006325
0.5470239
0.8283903
0.859214
0.9910417
0.47536704
0.6283187
0.2960264
0.98288614
0.98412585
0.98937595
0.96217996
0.87553275
0.8398535
0.95162064
0.47095966
0.9876445
0.16783996
0.98518455
0.8453775
0.9901599
0.91898245
0.6309768
0.7392742
0.93581843
0.9590855
0.85516775
0.99330246
0.892144
0.98425287
0.9689367
0.98478216
0.977616
0.16699822
0.9596935
0.8856942
0.98969156
0.5391326
0.9556271
0.98450446
0.8208062
0.9514162
0.98844784
0.18092872
0.93445396
0.9268485
0.6244394
0.92186093
0.9850236
0.9238881
0.89098674
0.96169627
0.9854704
0.66324204
0.9780044
0.990879
0.8292288
0.93560463
0.20094068
0.10090321
0.82047695
0.44431037
0.9770353
0.74102044
0.78515124
0.97827804
0.9172544
0.9609602
0.64822847
0.8066326
0.9725237
0.9821831
0.9780703
0.8029461
0.6031617
0.96292514
0.96962243
0.98441887
0.922245
0.58602625
0.95105386
0.92403847
0.98845124
0.98824394
0.9462478
0.49100083
0.5296084
0.9642946
0.8554169
0.38973516
0.70981455
0.9631565
0.9647423
0.9583757
0.7969263
0.96125597
0.9790606
0.9719919
0.98393875
0.969496
0.95488536
0.9636178
0.9551076
0.9306599
0.8948874
0.77198386
0.7497059
0.96767944
0.97960657
0.9932868
0.97992146
0.7356851
0.9911438
0.9829323
0.9848813
0.9814229
0.9783573
0.8787619
0.9605447
0.7815325
0.76330364
0.92660624
0.8940232
0.84977394
0.96234494
0.9874887
0.7828201
0.8568455
0.8844093
0.99840194
0.9602522
0.9832425
0.55115634
0.96780986
0.80560637
0.98416835
0.987698
0.77286094
0.98339236
0.7500673
0.43423522
0.5541004
0.9723174
0.84387296
0.8661176
0.97873175
0.58245504
0.91709393
0.8194984
0.12611048
0.78875476
0.98322713
0.8232534
0.950373
0.96092963
0.99232507
0.6273751
0.97741663
0.9879617
0.9775237
0.9896175
0.9354081
0.9435043
0.87002033
0.8078882
0.9844146
0.9494399
0.39990428
0.55879384
0.948186
0.97402275
0.8796773
0.9548368
0.4237329
0.75332445
0.9100415
0.5642346
0.8226958
0.9549562
0.8103952
0.9781069
0.56057835
0.9870092
0.94174576
0.95043653
0.9837276
0.7881344
0.9657
0.9914629
0.79126495
0.69716245
0.97334605
0.9086659
0.7483987
0.7837506
0.57377505
0.9889614
0.98755705
0.6253008
0.56921893
0.9738427
0.9812742
0.9637721
0.9702066
0.29656965
0.9850403
0.9412263
0.9121748
0.811697
0.8467624
0.9460916
0.98586893
0.9696009
0.97194844
0.7468442
0.58907706
0.77332646
0.6298148
0.828809
0.90502757
0.6553672
0.9875565
0.9702955
0.9863301
0.9124231
0.96222895
0.8457594
0.9877296
0.9860226
0.99171704
0.93606746
0.73427856
0.98072124
0.9859227
0.941105
0.9532079
0.9122408
0.98225594
0.5250897
0.79565984
0.9194457
0.61607784
0.9526781
0.9344688
0.96462214
0.96744365
0.99396944
0.82096714
0.95553744
0.98251003
0.75032824
0.2721024
0.81535417
0.9684713
0.6500759
0.4846235
0.78446007
0.94879526
0.99397343
0.50263345
0.8866769
0.96263796
0.17913708
0.9555096
0.9916608
0.93819386
0.89542466
0.9783449
0.59456986
0.60036683
0.95921177
0.9821279
0.5303332
0.356817
0.5088842
0.9467291
0.41245422
0.93845385
0.8474239
0.7442982
0.1368587
0.88340396
0.9911014
0.9834077
0.73732316
0.8071116
0.85128534
0.97940433
0.93898505
0.4886338
0.9860589
0.8442719
0.96833897
0.9486506
0.98345333
0.80427897
0.47435984
0.96771014
0.94618344
0.9936773
0.6042936
0.96061194
0.960495
0.8131033
0.98101497
0.6706588
0.97471637
0.94328934
0.9689298
0.93771833
0.45050734
0.1432673
0.9553984
0.9127379
0.64118785
0.96620774
0.99028754
0.7969363
0.7945273
0.9899414
0.9762155
0.5867027
0.5534788
0.9953839
0.533697
0.73762065
0.9869925
0.7561533
0.98836005
0.9736623
0.601334
0.9181781
0.388541
0.87428474
0.96951956
0.9290179
0.9079829
0.7322402
0.95830095
0.7940932
0.82188106
0.940832
0.9300052
0.93166155
0.87319463
0.97597367
0.49493572
0.46200663
0.7779893
0.9559564
0.9932608
0.95500815
0.9328993
0.74210185
0.49499822
0.68297094
0.97822237
0.9497445
0.98770195
0.8876554
0.8337742
0.9682616
0.87701386
0.9597304
0.68017083
0.6364181
0.2192124
0.8709576
0.9843843
0.48879296
0.7870296
0.896768
0.32999933
0.94074106
0.99309856
0.9574699
0.76151717
0.9528728
0.95362437
0.9881932
0.92344
0.79151344
0.5838249
0.89931685
0.9880164
0.8252984
0.66126317
0.98847723
0.71323586
0.9332668
0.91813827
0.8411553
0.43502986
0.85887164
0.7171876
0.87066334
0.9518946
0.6993755
0.9188621
0.9909589
0.92151374
0.56920356
0.97062343
0.9886741
0.9614998
0.9779335
0.7270129
0.9883044
0.58131677
0.84063166
0.984711
0.49875945
0.98569196
0.30703858
0.4525249
0.9505117
0.96352595
0.87677526
0.9133515
0.89332306
0.37295195
0.9875114
0.99089897
0.8643307
0.78871775
0.97467095
0.9325332
0.9478751
0.7848785
0.98530686
0.95906687
0.9748224
0.5192335
0.943801
0.9689483
0.97596824
0.10226883
0.90354
0.050367054
0.38325992
0.9807342
0.9723908
0.98884636
0.7732096
0.9811602
0.4900987
0.75843775
0.9658929
0.98909944
0.88393366
0.9870269
0.87103003
0.993156
0.2924773
0.834917
0.94819725
0.98609596
0.9927626
0.8748774
0.9104415
0.9001063
0.95037514
0.9921773
0.89957935
0.9635912
0.9600679
0.9846763
0.6476762
0.91466135
0.9763808
0.6920608
0.9847215
0.93444216
0.78291094
0.97298765
0.946295
0.9870286
0.8058474
0.94081175
0.46357968
0.98669577
0.96443564
0.98968995
0.95346904
0.41802138
0.9616559
0.93885225
0.9014135
0.966696
0.980926
0.92403287
0.8503536
0.7271208
0.8649502
0.883043
0.6234228
0.8787393
0.9611983
0.98366815
0.10050349
0.9035473
0.8956723
0.982088
0.97128886
0.89110315
0.88881403
0.88230246
0.9241252
0.31161758
0.7735079
0.85136366
0.93616116
0.9436169
0.62065643
0.92705065
0.9866491
0.99094373
0.8558456
0.6762819
0.9285486
0.94159305
0.72592664
0.9127291
0.98540014
0.9443267
0.81356424
0.98369145
0.93324304
0.98115796
0.92946124
0.94506377
0.9316334
0.898201
0.94370365
0.9670144
0.73630947
0.90030617
0.869894
0.9113762
0.1825004
0.745488
0.49046934
0.8684025
0.9858926
0.68433493
0.09120897
0.9914971
0.8563625
0.8683353
0.6363119
0.73763716
0.9795257
0.99108666
0.926692
0.98098195
0.9953381
0.9564378
0.94620895
0.7380119
0.99138474
0.991169
0.91296506
0.9307472
0.973328
0.77867526
0.98637253
0.9647543
0.9436039
0.9541637
0.49630556
0.92110395
0.9781562
0.90082115
0.8598564
0.96386915
0.96870124
0.9727145
0.2664161
0.95320994
0.9747599
0.9850803
0.7584538
0.8601306
0.9466633
0.98786354
0.8635203
0.9847013
0.98498327
0.06009166
0.9881678
0.79125285
0.99027973
0.9807999
0.75321263
0.9327275
0.9872798
0.8306212
0.9356004
0.94488186
0.604215
0.84982413
0.95299536
0.7193733
0.991835
0.6391373
0.88355356
0.91432166
0.89093953
0.9932429
0.77023995
0.985302
0.8119864
0.9634697
0.4610878
0.9815409
0.9715968
0.8485099
0.9681429
0.9909644
0.3710393
0.9485209
0.95202994
0.74530476
0.91485626
0.93987644
0.9151574
0.94611025
0.27466008
0.86202383
0.98669344
0.76862127
0.84580487
0.6678993
0.75454986
0.9170779
0.71867305
0.9323736
0.68020356
0.84757805
0.99308574
0.9188556
0.86905617
0.9710751
0.70096207
0.91420966
0.98792785
0.36612418
0.97518426
0.9050331
0.37327042
0.4574507
0.8726418
0.5552447
0.85799915
0.96692187
0.9938484
0.973763
0.985302
0.8556914
0.93262845
0.35944209
0.73922306
0.8758318
0.22931525
0.7564301
0.9868628
0.6145436
0.10803001
0.8729402
0.9211247
0.64681715
0.984979
0.86175334
0.9493514
0.47475442
0.9882096
0.6066057
0.94584525
0.40514788
0.90409154
0.9561771
0.9471091
0.46175832
0.83346534
0.9741011
0.9886967
0.88982445
0.9789003
0.8808763
0.67068374
0.94210905
0.9852099
0.98491067
0.1881378
0.7846426
0.7661202
0.8895342
0.8726153
0.9853231
0.987694
0.36099964
0.84707505
0.9769568
0.8231103
0.95732856
0.7024033
0.9586711
0.72670597
0.95604616
0.964419
0.8785769
0.9819879
0.59892094
0.7604904
0.7262322
0.92084944
0.24518266
0.9915906
0.5709408
0.8623461
0.99370354
0.851825
0.9531602
0.81642884
0.86995715
0.9893072
0.9349993
0.9363626
0.98151726
0.7885262
0.9837585
0.9778136
0.7797889
0.86318076
0.9870411
0.84131473
0.9529398
0.9746867
0.82511294
0.9922544
0.50556594
0.86528146
0.9815345
0.8209251
0.631571
0.9197658
0.9811584
0.89440084
0.87222207
0.70735896
0.9786281
0.8348342
0.8228891
0.9419856
0.9911911
0.7467636
0.9257342
0.957213
0.8003629
0.89374447
0.932194
0.9915787
0.67412055
0.9884459
0.8089366
0.7566957
0.98472273
0.7491104
0.48806593
0.95251745
0.8298002
0.99317497
0.9788584
0.87698984
0.95533204
0.52369887
0.9405274
0.98444957
0.631511
0.97998625
0.9217252
0.8839953
0.011944367
0.91301525
0.91490984
0.9903813
0.9696792
0.98180777
0.6053719
0.9909685
0.9810652
0.19590518
0.9264933
0.7223878
0.95188636
0.9492036
0.9715047
0.95833945
0.9075087
0.953754
0.7639799
0.8186914
0.3813173
0.34579387
0.65312314
0.1540603
0.9128658
0.46231216
0.977513
0.98432064
0.99073714
0.97345567
0.9724443
0.7150004
0.46149823
0.6178922
0.47886246
0.17963423
0.9339236
0.84642434
0.9839244
0.98725873
0.69903773
0.5048121
0.7876342
0.94754237
0.6197558
0.9689076
0.9393515
0.8587515
0.9947438
0.9902264
0.99424464
0.47617438
0.98118985
0.929755
0.55222934
0.9861476
0.9693601
0.9052893
0.972841
0.9066737
0.92069685
0.715117
0.83243847
0.5097232
0.64121586
0.9246379
0.16995683
0.900823
0.97898054
0.9186994
0.9591691
0.98259497
0.9759704
0.99220556
0.97097665
0.81986743
0.8657492
0.8253677
0.7178317
0.84739536
0.88284945
0.7264509
0.6746104
0.9686487
0.96096385
0.7173016
0.27927235
0.8685627
0.7856906
0.4409174
0.9790493
0.9808702
0.7407895
0.90679103
0.99050856
0.8628604
0.9855679
0.95524496
0.92721945
0.8369391
0.8826473
0.93599695
0.8936619
0.95760006
0.92122537
0.73592645
0.93582374
0.71291995
0.6078031
0.965706
0.87681293
0.8409603
0.43580788
0.5965543
0.9945957
0.96725166
0.96413654
0.93154764
0.9685223
0.9244394
0.9651167
0.7503747
0.82466143
0.78402436
0.992622
0.9218343
0.8925959
0.9695628
0.8193055
0.9807591
0.6742686
0.43761706
0.004219611
0.3608182
0.93601996
0.98948425
0.8634503
0.49726605
0.97313964
0.578717
0.97576094
0.9794495
0.9862075
0.92591435
0.87377983
0.96761125
0.96928084
0.96762353
0.94951963
0.96708685
0.5710002
0.95623237
0.7255416
0.24268194
0.9828011
0.9743931
0.9878704
0.02867998
0.8840837
0.89943194
0.41574383
0.77466965
0.97517425
0.97620934
0.97685224
0.89753777
0.9836654
0.8794022
0.9588367
0.6813583
0.4942481
0.9895238
0.92014515
0.7025679
0.97618926
0.5780741
0.7711344
0.9253006
0.7680934
0.9907026
0.89914566
0.9749137
0.5784321
0.9159438
0.95098025
0.86906445
0.9739977
0.9410778
0.9580851
0.94390106
0.46991065
0.9474152
0.92360467
0.8541439
0.7612446
0.6355751
0.8692613
0.9386309
0.9731862
0.9862125
0.6210009
0.98912674
0.9831277
0.9927919
0.50479954
0.93818957
0.98505425
0.531834
0.9837705
0.98272043
0.3899952
0.9022687
0.9805392
0.9598134
0.93723315
0.96536994
0.91359
0.9477804
0.99176395
0.8861898
0.94155973
0.41730055
0.834179
0.69627494
0.9841691
0.9845836
0.63706934
0.7449965
0.15616216
0.98527455
0.9813098
0.98370266
0.9233744
0.98091745
0.9707254
0.11984988
0.93272316
0.9846942
0.9192844
0.87580323
0.9762123
0.93994784
0.88491327
0.940045
0.9447529
0.9818288
0.97961307
0.97838074
0.98556083
0.9859766
0.9528488
0.508826
0.2711019
0.7276894
0.94488376
0.87290734
0.9840156
0.8562615
0.98122406
0.71639276
0.9056782
0.59937954
0.5601426
0.98693943
0.9158311
0.8626849
0.5747501
0.95574486
0.009448399
0.9413516
0.9540699
0.9905137
0.9442328
0.97287786
0.7821459
0.9805628
0.96776843
0.46031907
0.575964
0.5153863
0.97384983
0.9145403
0.5535248
0.9900624
0.4816682
0.8463467
0.91006947
0.95049036
0.98989606
0.9569148
0.96903384
0.90301836
0.97561204
0.96321636
0.970731
0.8043183
0.93855697
0.9639676
0.6101655
0.5938319
0.1996204
0.92742723
0.9297407
0.37661168
0.9900794
0.9022574
0.98425126
0.9499565
0.9745489
0.7104599
0.9945045
0.7179279
0.98542005
0.96758693
0.8344145
0.85450655
0.9051569
0.82253027
0.50359327
0.9871885
0.9846784
0.6278575
0.88506114
0.8843135
0.73832226
0.8774915
0.61394733
0.64268327
0.5383102
0.735751
0.9364261
0.9895281
0.98089176
0.97417647
0.9152795
0.6193743
0.97397625
0.835867
0.97680146
0.98714614
0.98100084
0.91012335
0.8673532
0.38917905
0.9235661
0.9829495
0.6575075
0.95957726
0.26615325
0.8869231
0.9780961
0.053579785
0.9153682
0.9824417
0.97431326
0.95071983
0.98870474
0.77735204
0.99005836
0.9660845
0.013291511
0.9444175
0.9512523
0.9542675
0.909274
0.9805252
0.37304065
0.71725065
0.7602024
0.7492908
0.9903015
0.97715646
0.9793449
0.97822464
0.9259219
0.91031736
0.9727473
0.7837971
0.9392039
0.9888905
0.9251062
0.8454835
0.79469764
0.7951995
0.7164914
0.95509183
0.96667683
0.99135196
0.93932015
0.9520144
0.9250668
0.7366253
0.4294518
0.9784817
0.7667102
0.8986493
0.9232111
0.79136246
0.97869384
0.9871179
0.95882505
0.98290986
0.861637
0.8464189
0.982941
0.9126942
0.99116474
0.9923132
0.9724682
0.99186784
0.9657809
0.9212438
0.9419192
0.6753751
0.991991
0.8031421
0.97321856
0.16595635
0.8745034
0.7290528
0.7240878
0.9663215
0.84206986
0.60596794
0.96924275
0.9591191
0.9079146
0.9831119
0.98347247
0.6470087
0.4517895
0.97673905
0.9844338
0.9780146
0.6426849
0.98309326
0.1929558
0.81096727
0.974459
0.90253377
0.9913051
0.6824985
0.3631137
0.99097085
0.9764199
0.784272
0.6861318
0.7571228
0.96512944
0.84412366
0.97249585
0.9621809
0.80788517
0.8737549
0.9869996
0.9560309
0.46817178
0.9410709
0.98776764
0.9828757
0.9753313
0.93877834
0.7825247
0.57583255
0.59084994
0.94720846
0.9241811
0.9302729
0.8480881
0.9622129
0.9914124
0.3105027
0.9753062
0.9841039
0.94518983
0.702634
0.9461319
0.97485375
0.85585725
0.87832737
0.9924184
0.9624865
0.99286413
0.9708067
0.9539909
0.8972944
0.98028505
0.9775749
0.9158072
0.4889965
0.4508669
0.8718223
0.89011
0.9554962
0.9894148
0.95359
0.9755322
0.87471694
0.96373844
0.92880887
0.79114956
0.94755405
0.9222573
0.63760376
0.78893757
0.88371164
0.98994154
0.46592098
0.43753672
0.94857
0.8213238
0.6678875
0.7228753
0.9832855
0.9122511
0.6840651
0.5924661
0.5996398
0.8359033
0.8289862
0.77939844
0.937579
0.872825
0.4474817
0.5865199
0.9764524
0.9779528
0.06545878
0.94791555
0.93911415
0.8905207
0.54164803
0.90214074
0.87751096
0.9020013
0.98377913
0.9440175
0.85179603
0.88635087
0.9282447
0.9875968
0.8647108
0.8866149
0.9754705
0.9783377
0.96583277
0.9660985
0.9506279
0.99593
0.9402002
0.8208575
0.8725404
0.37663347
0.97362196
0.9644864
0.629847
0.93333536
0.9242403
0.9707619
0.49408928
0.98697704
0.97638947
0.6381074
0.2597361
0.96141297
0.9441329
0.9781055
0.7659679
0.68127
0.9823041
0.9844424
0.9555944
0.99389535
0.93893653
0.91708755
0.46111926
0.91405886
0.9568252
0.6426585
0.9549904
0.89832246
0.35076204
0.9870727
0.28614128
0.6521629
0.6490391
0.9642727
0.92321295
0.8802945
0.19706923
0.23472099
0.97761494
0.96681374
0.9340323
0.9843104
0.8908378
0.6399314
0.961141
0.8388182
0.49221215
0.9536431
0.9823497
0.90494406
0.7560049
0.98483825
0.9608299
0.8786607
0.97736233
0.94134396
0.9517399
0.0008620079
0.8578125
0.9436993
0.9267432
0.9917822
0.47778288
0.8980206
0.9272181
0.91896284
0.9234979
0.8131769
0.9823589
0.9672897
0.96161443
0.94059414
0.976756
0.807666
0.12960514
0.8051697
0.9133069
0.38769883
0.17227997
0.8320759
0.9159179
0.97520965
0.9728737
0.946451
0.98745
0.7335003
0.49436855
0.8508215
0.9843328
0.78357476
0.99157774
0.79990035
0.9885528
0.49186984
0.6808177
0.96454144
0.9545896
0.88566977
0.9842397
0.22182183
0.8025774
0.93434244
0.9107006
0.093344174
0.7789982
0.9876062
0.21286723
0.7071694
0.98538095
0.9282395
0.9439927
0.1882162
0.8303915
0.94091815
0.8706059
0.959565
0.6924006
0.5860515
0.7421174
0.9783351
0.8357481
0.9733251
0.84850913
0.68809146
0.79436177
0.97393906
0.9759715
0.7692594
0.9816657
0.9684443
0.98734075
0.91469395
0.46138892
0.9127922
0.39757317
0.27965117
0.86944383
0.9851907
0.9160693
0.2761628
0.97538394
0.8717062
0.6799193
0.9239585
0.9245317
0.96853715
0.8917657
0.8474517
0.84941226
0.9434013
0.9155542
0.97808665
0.9635153
0.97218406
0.9794408
0.77790815
0.95840603
0.96575505
0.8223836
0.38979346
0.7777815
0.55399585
0.9893366
0.0018762463
0.95468986
0.9852014
0.80219716
0.7749347
0.6610522
0.8101888
0.9763156
0.66776115
0.9716675
0.21296674
0.95561093
0.8841313
0.97953117
0.45078862
0.90287346
0.8412357
0.94835746
0.8588875
0.8437324
0.97787434
0.9505581
0.9792006
0.9903397
0.96736825
0.3419651
0.9171744
0.97441906
0.9586834
0.9226923
0.97454333
0.49219382
0.9844168
0.9214022
0.755483
0.21649618
0.65876925
0.96705496
0.76834834
0.5740491
0.85565424
0.92754024
0.9692561
0.9407373
0.9794897
0.16054523
0.47161132
0.9789242
0.9022731
0.7402488
0.35584086
0.5468115
0.6393362
0.545164
0.7404838
0.7286605
0.98179847
0.80480653
0.9912236
0.9892062
0.8432864
0.40861255
0.9945346
0.9054989
0.9533053
0.9826424
0.8992533
0.9481027
0.9830798
0.86670166
0.98158735
0.7047965
0.94144833
0.6825588
0.9486639
0.9341632
0.84874606
0.96784234
0.9732877
0.8119398
0.113991216
0.9252368
0.82470936
0.95113474
0.995084
0.97875696
0.5163345
0.97563076
0.8455289
0.9250595
0.9284167
0.96929854
0.9934676
0.8631089
0.8638457
0.9764398
0.988487
0.99399453
0.9012929
0.73568195
0.885666
0.89246356
0.44010717
0.75079954
0.98562104
0.9782445
0.886938
0.9856123
0.5741278
0.73739016
0.97218907
0.106135406
0.9894304
0.93516076
0.75551087
0.9440028
0.9366938
0.93127805
0.9681424
0.98874795
0.89912105
0.9278672
0.21731235
0.8142982
0.3392744
0.75589687
0.8836984
0.9050034
0.90949184
0.9673401
0.9584309
0.7259252
0.9591188
0.73286355
0.5324699
0.81397283
0.9862061
0.6543316
0.98075074
0.98726416
0.37851435
0.85033196
0.57698464
0.9945991
0.9301603
0.9383982
0.9058148
0.9490113
0.97945225
0.7621983
0.65633297
0.98371756
0.5205478
0.9683667
0.97570807
0.63456947
0.8805673
0.8807694
0.9878302
0.83672255
0.6217249
0.97560453
0.848068
0.8315296
0.7754354
0.8584612
0.24014756
0.9807545
0.6000629
0.93918365
0.9282054
0.8771309
0.95979553
0.7917767
0.80252457
0.4735237
0.98685455
0.7229917
0.98049384
0.9198732
0.61502707
0.5794726
0.9528739
0.9582328
0.9186248
0.96022683
0.6956639
0.9786532
0.75373554
0.35037112
0.97866094
0.99192727
0.98672175
0.96458536
0.9943698
0.94234055
0.8576579
0.96813
0.9132061
0.7445642
0.75675607
0.98408806
0.6166382
0.4469863
0.8085003
0.8299183
0.9542778
0.9298851
0.9124354
0.99366474
0.13549107
0.982258
0.98187274
0.5623469
0.10604496
0.9661858
0.99086785
0.9239694
0.9915673
0.97024417
0.950291
0.47424915
0.80899054
0.55914414
0.9862357
0.5323935
0.94269496
0.9734624
0.9905285
0.9863821
0.97984457
0.8795944
0.8207809
0.8598863
0.94834304
0.9868487
0.80454147
0.9678668
0.92538404
0.94656247
0.6837859
0.6366702
0.89401215
0.77525115
0.79980254
0.9831941
0.9494063
0.94273055
0.8382849
0.87963235
0.95704377
0.91879475
0.75770587
0.8076977
0.7801788
0.832903
0.9775484
0.6624439
0.25147006
0.9599693
0.70486104
0.6775613
0.9338825
0.6697598
0.9907053
0.97632194
0.4037119
0.7918837
0.96165085
0.007104651
0.9634021
0.96495205
0.5895467
0.8876211
0.0024001992
0.91875994
0.96477413
0.6373955
0.8860358
0.46704164
0.98665434
0.97600687
0.9530565
0.9346301
0.68508977
0.97367775
0.5902786
0.9646836
0.8699701
0.9759527
0.97858584
0.6601337
0.9425116
0.98370475
0.9834659
0.9804395
0.98733085
0.97131807
0.990185
0.9700759
0.95562965
0.9667378
0.80675036
0.9098603
0.94936025
0.9280606
0.81489426
0.7137102
0.9851697
0.96636826
0.984068
0.0039943396
0.8631114
0.944483
0.73370117
0.9819734
0.47648445
0.98209184
0.8570559
0.9914812
0.9329241
0.91809094
0.9555931
0.39676407
0.9904055
0.9859083
0.951048
0.9438617
0.41336736
0.8901741
0.5244792
0.9668141
0.9648433
0.9370488
0.9736015
0.9174133
0.6587105
0.9112268
0.98476875
0.7910568
0.9771423
0.90740764
0.9885787
0.7500317
0.9516751
0.98874366
0.9916155
0.92141515
0.62434655
0.6576793
0.98965144
0.8679388
0.2596445
0.8282885
0.43092018
0.9470869
0.9793793
0.90148157
0.9778545
0.31412813
0.47120202
0.4861067
0.7769789
0.8403998
0.97746086
0.93909377
0.6578114
0.95198154
0.09352122
0.58722377
0.7206446
0.8256282
0.8040317
0.6597519
0.9349837
0.9741014
0.9653436
0.9715972
0.93886465
0.9320249
0.97822714
0.17276768
0.5783283
0.97872275
0.9478486
0.41702873
0.71347636
0.8911891
0.9839813
0.98521715
0.95863825
0.9251171
0.48122025
0.98030406
0.9513482
0.9823204
0.8139161
0.89816964
0.85719603
0.9258772
0.91049796
0.99500763
0.77387047
0.8385329
0.41897762
0.89982706
0.88256097
0.83229655
0.96793896
0.8876178
0.5806429
0.79204535
0.29385707
0.7950991
0.93209416
0.9908778
0.9862271
0.9585965
0.8875472
0.9393021
0.9792143
0.78557396
0.8233192
0.65984136
0.9233289
0.9425792
0.4277332
0.8353361
0.83069855
0.6138955
0.43485588
0.97443706
0.6661661
0.898819
0.6584461
0.48857066
0.8176664
0.78294754
0.63543224
0.8529551
0.91587996
0.17749542
0.93375266
0.9876457
0.9227745
0.76091087
0.97734207
0.8079625
0.9730129
0.90764457
0.9682304
0.04260797
0.95709246
0.8836863
0.9425149
0.74143237
0.62172353
0.69873184
0.95707756
0.9570333
0.8704633
0.9800402
0.4351204
0.979544
0.8140548
0.87222064
0.9631928
0.91533965
0.937153
0.910165
0.903901
0.75602245
0.9761239
0.9299964
0.9894761
0.9459841
0.8567504
0.8887744
0.8684601
0.9658749
0.97270447
0.96282643
0.669497
0.98154205
0.9124953
0.19540961
0.9058145
0.96450615
0.9094319
0.9355123
0.83648694
0.49810228
0.4888391
0.89389324
0.2786602
0.89383125
0.97476465
0.96514934
0.9928988
0.9777779
0.9509616
0.95678556
0.99154973
0.9518575
0.98758453
0.63886493
0.17400773
0.87579155
0.31365672
0.9501718
0.995567
0.9896937
0.9548989
0.9826649
0.93509656
0.985746
0.92558324
0.8498916
0.9701999
0.8750937
0.7120493
0.8874031
0.18892078
0.4653937
0.9792843
0.97602206
0.9884603
0.9896063
0.97755426
0.95500016
0.94781893
0.6966382
0.99058026
0.9880904
0.9729638
0.87523633
0.787144
0.88204175
0.98989874
0.73018116
0.8461779
0.9842866
0.9693308
0.93523407
0.9747833
0.8747885
0.70944834
0.9839999
0.946213
0.8644372
0.8738741
0.28554296
0.99451303
0.9726546
0.9723511
0.8312138
0.88571197
0.39670816
0.96995866
0.9822464
0.96871376
0.6889235
0.98017454
0.9455811
0.85778594
0.8887144
0.6352034
0.93792313
0.9782541
0.7811378
0.9631904
0.9770824
0.9637523
0.9432899
0.95377386
0.9094234
0.5318976
0.6282727
0.98014957
0.78160536
0.39519656
0.73652583
0.70715296
0.89318657
0.982363
0.4343968
0.30866897
0.9339196
0.91649216
0.91833174
0.9251552
0.8940028
0.9662457
0.9343604
0.33702964
0.81434906
0.93057525
0.96470946
0.7233764
0.9129641
0.9572436
0.7825983
0.927271
0.72916585
0.9387297
0.9660503
0.9725284
0.9053622
0.79281837
0.9615243
0.97609246
0.9358246
0.50912017
0.93489116
0.9163294
0.7562841
0.9613806
0.9465267
0.8698322
0.6307074
0.90563536
0.66478014
0.9311522
0.98831195
0.99689925
0.85679376
0.98937035
0.67452794
0.89464563
0.9835007
0.9859687
0.89136356
0.6918139
0.9891641
0.6299449
0.9070678
0.58551383
0.68690765
0.93165815
0.959075
0.7532876
0.4143443
0.9493415
0.9710472
0.965367
0.422581
0.94949746
0.89445615
0.9821307
0.25931716
0.69987094
0.9896199
0.93301904
0.9721959
0.8459377
0.9494878
0.9698075
0.89095426
0.95328295
0.89976305
0.7223135
0.9634061
0.9620685
0.6945265
0.9433303
0.006581729
0.97616243
0.94274974
0.8846777
0.9929508
0.3955119
0.9623399
0.30391416
0.985211
0.90497035
0.7687554
0.0050776275
0.92266065
0.9533031
0.8498565
0.8606453
0.9857653
0.5605956
0.98951375
0.7366197
0.12806098
0.9861637
0.63399136
0.97416127
0.5465998
0.8492732
0.96724975
0.31868672
0.9403612
0.89057195
0.9293983
0.5160704
0.96975046
0.9679989
0.9848156
0.91396517
0.98379296
0.9877115
0.960191
0.45244893
0.9149421
0.72388965
0.9773819
0.8717124
0.9557383
0.9304238
0.94611824
0.9925895
0.89325505
0.26564753
0.9719563
0.75681275
0.8800673
0.98662496
0.8443925
0.9212386
0.77967155
0.8616038
0.40755713
0.9351733
0.8267859
0.2190261
0.93089616
0.7626192
0.2943323
0.23413692
0.670079
0.97171855
0.7368945
0.056740765
0.30285433
0.9320617
0.9710202
0.9136143
0.9533196
0.77624685
0.9699061
0.88117075
0.9851789
0.73568875
0.9861406
0.33965936
0.8978435
0.8141088
0.9714873
0.9904946
0.97546387
0.92257935
0.9950675
0.900836
0.96795714
0.69459474
0.26582044
0.92592394
0.7212276
0.7023896
0.79268754
0.97118247
0.98694825
0.97806346
0.91723025
0.99442273
0.67988104
0.95657545
0.94109297
0.94483715
0.8916559
0.9554084
0.9788416
0.70511997
0.38741404
0.8222284
0.91365576
0.9259824
0.88706666
0.8061602
0.9676798
0.94977486
0.9768623
0.87305653
0.9457975
0.68313235
0.97240835
0.6795843
0.98248833
0.88750136
0.017097814
0.92636067
0.93644565
0.967213
0.9290131
0.9563158
0.8974351
0.9910164
0.95397353
0.98011786
0.98988837
0.9366526
0.98543304
0.95561975
0.9907761
0.9783886
0.81010383
0.9100672
0.50963974
0.9909561
0.7740036
0.94834775
0.161695
0.9344117
0.99397355
0.79697955
0.9078174
0.98628473
0.86240834
0.9834853
0.69227946
0.7906105
0.8833463
0.9068147
0.9491113
0.9290707
0.78281856
0.91692156
0.9591944
0.8367576
0.9889684
0.9657313
0.97662395
0.9886974
0.96852803
0.8459719
0.79426986
0.9294028
0.83648634
0.15475473
0.641846
0.62551725
0.97903466
0.83208305
0.51980096
0.5421204
0.99040437
0.950996
0.2297945
0.6758588
0.95380586
0.9824567
0.95217484
0.7630977
0.7348129
0.95901096
0.7199816
0.9392445
0.941349
0.57394946
0.9168201
0.9046214
0.9439571
0.7794701
0.9561293
0.9101824
0.93556833
0.8246458
0.90945923
0.97470605
0.9794949
0.9687918
0.80987245
0.90921354
0.9776624
0.9159353
0.65046674
0.93125635
0.6197012
0.8925385
0.92235017
0.95149034
0.83953553
0.7997482
0.979542
0.9620606
0.49006385
0.9850839
0.9846725
0.9737812
0.4144388
0.35203424
0.830762
0.9412729
0.9719354
0.9837077
0.8490504
0.9846442
0.98770976
0.5161796
0.8506538
0.10462582
0.98578507
0.22526163
0.9763657
0.51080734
0.9417885
0.95746857
0.8458157
0.9519287
0.91716504
0.9849504
0.9829352
0.9715594
0.81300765
0.5495333
0.94316715
0.29961556
0.9921336
0.8973571
0.90994954
0.91482955
0.7952401
0.9763352
0.90843296
0.9833392
0.9369859
0.9379212
0.9950035
0.89592665
0.94675016
0.5797425
0.6233656
0.49164066
0.9692069
0.5923408
0.40259385
0.73795
0.98071927
0.93164533
0.9636346
0.8936461
0.9445817
0.9834857
0.13121589
0.57862467
0.8149753
0.9953146
0.9235148
0.9824891
0.44430038
0.9804417
0.5674752
0.92546344
0.8334114
0.9630492
0.93543816
0.97741973
0.67410606
0.9246228
0.9410671
0.5418868
0.7976737
0.8333932
0.8210179
0.9896966
0.78205544
0.97356343
0.98603696
0.8594325
0.9259914
0.93525493
0.5198658
0.7968395
0.8421352
0.971667
0.7789179
0.9005318
0.08568189
0.9352982
0.9734066
0.9880534
0.99381316
0.98344177
0.9517968
0.9584548
0.82375497
0.48020375
0.64907974
0.9430977
0.9370525
0.93323606
0.78295475
0.7108426
0.9570678
0.92990863
0.61649644
0.95920616
0.85139436
0.990606
0.98238647
0.68997884
0.9800567
0.1882746
0.89702326
0.91780776
0.47890297
0.91114295
0.63983667
0.97483647
0.453868
0.985472
0.9228962
0.9795004
0.98670316
0.9659366
0.96350944
0.9931338
0.9911851
0.3669407
0.8834661
0.9160934
0.682912
0.6144687
0.7111277
0.98598886
0.9266784
0.94750816
0.9391054
0.89596057
0.42204654
0.8367762
0.0077192136
0.5666452
0.6825415
0.7936658
0.96987176
0.9725213
0.9667546
0.89882714
0.43936813
0.91878974
0.8958284
0.9948014
0.98123956
0.9813006
0.8715097
0.9889755
0.7898724
0.87735677
0.947181
0.27382004
0.6592829
0.85773313
0.789171
0.7509678
0.9557873
0.9536363
0.96787214
0.9708241
0.86583835
0.911394
0.9423279
0.99044657
0.92983955
0.87723935
0.7735036
0.9910616
0.90061325
0.95579344
0.98808193
0.97954637
0.8793125
0.8239262
0.94405323
0.9816461
0.9671824
0.9610812
0.800087
0.9613386
0.7848431
0.5058304
0.98347485
0.34650663
0.9266105
0.9122927
0.5872887
0.9704545
0.99316
0.99313724
0.9204128
0.961974
0.8898546
0.4886917
0.9870647
0.94743145
0.9774555
0.97872627
0.9495155
0.9853137
0.93647647
0.73815256
0.9847515
0.881145
0.66060305
0.77796865
0.91153115
0.5443112
0.95148873
0.97085875
0.9760227
0.99392515
0.9369912
0.9883797
0.7268481
0.7447822
0.9778772
0.9750183
0.95573145
0.9878863
0.91647756
0.81011015
0.53707546
0.99498075
0.9831503
0.95283055
0.9575242
0.9702012
0.95360583
0.3970746
0.96110696
0.5469589
0.95861536
0.9821706
0.99426174
0.5825334
0.98645544
0.89863896
0.9682369
0.98722583
0.97212404
0.89859617
0.9929022
0.94834185
0.7167185
0.2701301
0.13625775
0.98428035
0.93265015
0.9840933
0.97190136
0.77750796
0.899224
0.72979647
0.9828221
0.9691088
0.48437187
0.9269101
0.4167151
0.9165832
0.5267285
0.49753115
0.8300468
0.8158103
0.795985
0.8503998
0.9811235
0.88773036
0.95939213
0.9812479
0.9658279
0.9141227
0.97137815
0.98444563
0.9869082
0.76759124
0.36845136
0.97185236
0.9241468
0.5805953
0.4415517
0.8640167
0.30825758
0.46801242
0.78989065
0.98396826
0.78118664
0.8743703
0.92738694
0.8806488
0.69262546
0.9889044
0.9492432
0.98304397
0.98921144
0.95129263
0.48815694
0.5678119
0.6900902
0.9834099
0.78431416
0.969188
0.8074111
0.87944883
0.95335287
0.6330144
0.976238
0.87177175
0.9418125
0.9769851
0.964937
0.7917913
0.99107647
0.992432
0.96659887
0.98487353
0.96243715
0.9919785
0.07837866
0.8985508
0.9923596
0.95115954
0.73412013
0.90544987
0.98558074
0.9932846
0.93248457
0.91646916
0.9708082
0.9025679
0.007362574
0.91649365
0.98859626
0.42264688
0.71260023
0.9714325
0.9921483
0.90484136
0.9774225
0.9734292
0.017693218
0.9801767
0.72954404
0.9861297
0.37547523
0.909975
0.60740656
0.8614953
0.2920177
0.88846225
0.91341424
0.8732097
0.9699071
0.7931202
0.88863945
0.7741753
0.8795319
0.96720517
0.86075073
0.44398564
0.2341589
0.9497843
0.9856156
0.95737326
0.97485423
0.9241949
0.86627233
0.9791931
0.88463736
0.9602087
0.8851186
0.8892032
0.8982723
0.6720446
0.89819837
0.9912747
0.29332405
0.95859253
0.8783697
0.8193879
0.5827815
0.8824885
0.42463437
0.34993702
0.9324165
0.8418535
0.86365676
0.97886825
0.3614131
0.9904607
0.8956703
0.9731588
0.7837813
0.9511038
0.94403756
0.9925309
0.717477
0.9027572
0.9550877
0.83825153
0.25502938
0.616655
0.9526272
0.75127167
0.6326802
0.93529975
0.60525787
0.9728213
0.4652351
0.62922513
0.92802167
0.8253774
0.7924005
0.96051204
0.93709946
0.81733364
0.97371936
0.54484326
0.8823975
0.90245
0.83697176
0.77907634
0.49705774
0.5126773
0.95831734
0.99012506
0.80971664
0.89898205
0.83953965
0.8268285
0.9540627
0.941258
0.34593517
0.75719136
0.9914858
0.9174393
0.81635374
0.9249432
0.5611361
0.9584791
0.885235
0.5421492
0.9186926
0.4753109
0.98180515
0.98588437
0.9662918
0.9705842
0.9889852
0.42399606
0.7398211
0.9933629
0.75972897
0.526182
0.9493669
0.5219854
0.9820962
0.8665821
0.93853635
0.4151169
0.33322525
0.9404127
0.9106091
0.95823514
0.93906283
0.9762734
0.9590432
0.950105
0.5990634
0.9514042
0.87058765
0.9127148
0.9378929
0.5473259
0.88287497
0.7643753
0.5246759
0.83529216
0.9860415
0.51837945
0.545193
0.9224106
0.97367656
0.9833682
0.91836494
0.9742382
0.9633625
0.96930057
0.90913284
0.9238027
0.70993996
0.9113185
0.98588294
0.9865008
0.98223823
0.70178163
0.92444754
0.98595166
0.94785213
0.9444154
0.882644
0.93780535
0.96550536
0.96926045
0.8450741
0.14328194
0.9017128
0.79825675
0.9498158
0.9735738
0.83951926
0.7810835
0.99111044
0.30384538
0.9251547
0.8350406
0.8148
0.23884359
0.7141626
0.9856652
0.6311815
0.98244494
0.31162038
0.53038335
0.97881407
0.7609247
0.70872676
0.84115773
0.8197321
0.9774892
0.94745356
0.45126945
0.111445025
0.9827272
0.76358587
0.94845444
0.93351835
0.9572296
0.9632127
0.6296795
0.9852014
0.9696731
0.67741215
0.87343
0.9180791
0.96429515
0.9956691
0.90154195
0.9784716
0.98903054
0.76101047
0.8037618
0.886291
0.95610404
0.9657592
0.9811513
0.9848599
0.96284986
0.62298477
0.7743184
0.9308382
0.81062657
0.53025126
0.92146254
0.97993165
0.9709673
0.88408864
0.968998
0.98644096
0.98256266
0.4788741
0.800128
0.98594856
0.7826966
0.9825378
0.04073575
0.98897624
0.004082155
0.57352465
0.9621604
0.964919
0.8214011
0.62409395
0.9635291
0.9804361
0.85076404
0.64632666
0.9946008
0.494636
0.90878165
0.29444498
0.3530254
0.9464779
0.72853225
0.9396317
0.9152783
0.83002865
0.91477233
0.99084246
0.99053615
0.8574895
0.69254583
0.7880508
0.9684899
0.7468235
0.9782103
0.54172295
0.5361307
0.91106045
0.9921897
0.58552957
0.9554962
0.9067657
0.94359696
0.98175377
0.9628153
0.94098306
0.18430458
0.74646777
0.8934973
0.8851891
0.9778465
0.93151796
0.9819118
0.9860206
0.9798117
0.95698667
0.9809841
0.91984534
0.90934664
0.9795681
0.46276584
0.9638068
0.5563401
0.86043686
0.8411691
0.8126324
0.976596
0.8172049
0.9754547
0.95578253
0.850511
0.9843865
0.9287683
0.797154
0.5004
0.7799186
0.9770189
0.9600352
0.72698796
0.91026956
0.793029
0.9473627
0.929753
0.7019251
0.92295164
0.9694537
0.789367
0.4903303
0.2644116
0.5774402
0.9723263
0.927442
0.90977097
0.55988884
0.7802896
0.7179133
0.98311687
0.98809016
0.8041235
0.9825859
0.9552486
0.8988962
0.40245223
0.80775005
0.9933943
0.98092836
0.34396526
0.8941653
0.96728164
0.33859026
0.9688646
0.98528475
0.9953752
0.98102814
0.9555112
0.8578529
0.7811724
0.9344275
0.91021895
0.9719516
0.84593713
0.8312631
0.20523898
0.9912765
0.99125016
0.82154775
0.9750208
0.708369
0.98022294
0.85051644
0.97254026
0.9393207
0.9900004
0.63719463
0.62345237
0.97970504
0.9611516
0.6151716
0.9748575
0.97359383
0.94644225
0.97837514
0.986573
0.9749867
0.9551678
0.93992376
0.9045947
0.52816415
0.87251776
0.5622167
0.62888277
0.8393661
0.6126336
0.78566027
0.95124334
0.98239076
0.5679103
0.9792712
0.7191814
0.98871815
0.67723036
0.9773437
0.93259114
0.82051426
0.99571687
0.92912716
0.5589637
0.95115113
0.9269708
0.96460795
0.5655957
0.947619
0.9632447
0.88261455
0.9891003
0.9670451
0.9664452
0.9605288
0.6845328
0.764241
0.9473672
0.8187611
0.6631765
0.8671617
0.97776836
0.9844189
0.9258937
0.9253248
0.5781843
0.9263313
0.24197106
0.957209
0.8465292
0.9908069
0.93290377
0.8975784
0.9677645
0.88344705
0.94837296
0.93696266
0.9848023
0.98569566
0.9798717
0.25021794
0.9683299
0.89253974
0.9874621
0.82005644
0.88183296
0.9682474
0.81557465
0.7829518
0.9621537
0.8877433
0.62327904
0.5545836
0.6219576
0.9339763
0.8442
0.8442296
0.43001664
0.96068275
0.86205375
0.98308045
0.92441505
0.77672684
0.6992082
0.6395876
0.97801
0.97499347
0.59936565
0.653731
0.7122779
0.98204225
0.556011
0.9930281
0.8977317
0.94562614
0.9919258
0.9407702
0.9738989
0.9635996
0.83321345
0.96353775
0.9900238
0.21884628
0.7234474
0.90670335
0.93700695
0.9752137
0.8627539
0.7524446
0.9570823
0.9202261
0.86181
0.76176125
0.14365928
0.91952574
0.97311157
0.9448402
0.96831
0.93881154
0.9643242
0.708943
0.8408586
0.9672879
0.19834065
0.80218315
0.5959804
0.9741644
0.24967906
0.95977247
0.9834985
0.9742354
0.87448394
0.93331933
0.9902592
0.96054876
0.9542388
0.5039516
0.9582384
0.7139509
0.9495492
0.98486876
0.33902827
0.8507857
0.77814794
0.94778466
0.875263
0.9084667
0.9238731
0.8986258
0.9440576
0.9687874
0.7925328
0.882954
0.8605429
0.9268677
0.7860175
0.97481775
0.7969073
0.9268248
0.8614899
0.9811779
0.84057146
0.8645789
0.9178291
0.8918829
0.9407107
0.9626473
0.70959723
0.92777795
0.24635753
0.5598663
0.70454973
0.8833835
0.598376
0.97276616
0.9254438
0.98847055
0.8700612
0.9899284
0.69828206
0.74612385
0.9848417
0.95760113
0.7497496
0.98441523
0.6088016
0.8110637
0.9874099
0.94089526
0.72033834
0.9904841
0.9197445
0.90625453
0.9711245
0.72978854
0.84287083
0.8369736
0.9854087
0.8283855
0.8132785
0.9523567
0.9497883
0.90081924
0.9201937
0.88874084
0.9772275
0.875292
0.96515
0.98865485
0.9561912
0.9335666
0.9783487
0.8463393
0.91914105
0.9516597
0.9908704
0.89506423
0.8599302
0.31118825
0.9697065
0.9836119
0.5703988
0.26422966
0.78213423
0.4978624
0.9492005
0.69318515
0.8587025
0.9397337
0.8663866
0.5596718
0.70807475
0.69292337
0.5178241
0.95062363
0.9180694
0.94249266
0.10883285
0.9798514
0.9752931
0.8356462
0.9882433
0.89461195
0.9518504
0.9076843
0.5489184
0.95361686
0.9824456
0.9516321
0.93751556
0.9372966
0.95662475
0.98607546
0.90189266
0.1372215
0.25696743
0.95386875
0.95541906
0.97938615
0.971289
0.81071985
0.98276985
0.9843529
0.8128843
0.9830564
0.987425
0.8579809
0.17232133
0.9581059
0.764098
0.24884225
0.54005057
0.94523555
0.94859064
0.86025286
0.84206307
0.21830061
0.74277204
0.9710566
0.7864869
0.9125561
0.88733673
0.8198379
0.715897
0.9720472
0.91549516
0.90666354
0.37714198
0.87178904
0.7771503
0.6441573
0.35066757
0.96214837
0.93420523
0.98052096
0.962233
0.96124166
0.5813684
0.2689663
0.9310488
0.7307172
0.9411316
0.9769405
0.8260509
0.9054812
0.9570194
0.9879673
0.9730417
0.9691998
0.9243531
0.9954535
0.9163086
0.9133616
0.9567096
0.058456756
0.989897
0.9713698
0.31649393
0.6135716
0.9874729
0.66455656
0.8545268
0.9825837
0.94263536
0.87642235
0.8668543
0.62037605
0.93620527
0.9787635
0.8683397
0.9846318
0.9900393
0.6218485
0.9747028
0.979471
0.87502754
0.90614474
0.977927
0.7129889
0.9789194
0.9642352
0.6674708
0.65767676
0.9725333
0.8790475
0.92348886
0.6650549
0.7665168
0.84029466
0.99263704
0.45902443
0.73715264
0.57695395
0.9609405
0.90674645
0.9888342
0.4699546
0.95832753
0.97569656
0.9931687
0.71970314
0.9748471
0.68607247
0.9954516
0.8945816
0.96837974
0.80901283
0.6090232
0.9779881
0.9287778
0.77485514
0.8161716
0.9158141
0.9925383
0.44672817
0.7838442
0.97739637
0.62761873
0.8193416
0.82067347
0.9691334
0.8717722
0.8303516
0.97331953
0.81770355
0.7408194
0.34339464
0.92905486
0.9378248
0.92248225
0.7837496
0.83715755
0.98776764
0.99095637
0.98213506
0.9091645
0.97272384
0.954943
0.6679808
0.9037513
0.8909101
0.978306
0.9839886
0.46158904
0.92556506
0.9598334
0.92192537
0.9390455
0.7712084
0.7525718
0.92823577
0.97676396
0.7676953
0.79491955
0.95934397
0.94754475
0.38823444
0.9888207
0.7503842
0.9752347
0.61360395
0.8918534
0.66950154
0.88435465
0.8303849
0.122425914
0.83503234
0.39372754
0.9687773
0.8943836
0.9177925
0.81476104
0.90003455
0.89649916
0.98499113
0.9733935
0.9119943
0.96484894
0.67036086
0.7836062
0.52386063
0.88197565
0.92536247
0.91324395
0.94150174
0.8905081
0.9532457
0.0639397
0.98592734
0.7951569
0.63949496
0.9197197
0.9660659
0.680487
0.5573914
0.990283
0.94861233
0.91947675
0.95027405
0.9847564
0.88223946
0.45802265
0.9639602
0.14846982
0.9133066
0.9778261
0.6960395
0.8850075
0.9866868
0.9829106
0.9896595
0.9903903
0.9149275
0.96485513
0.9883394
0.7921336
0.905327
0.96524006
0.9891039
0.98933357
0.42719954
0.5543905
0.8066402
0.95322305
0.8755691
0.98682666
0.09211519
0.8856421
0.98668796
0.9399069
0.9242323
0.85423714
0.36673588
0.9820239
0.8338129
0.9326065
0.9519582
0.9207392
0.98421484
0.8985542
0.9620472
0.72367394
0.99379164
0.97893286
0.79940283
0.877441
0.7387257
0.93370265
0.2736209
0.9539768
0.98689264
0.78534186
0.6592136
0.9120245
0.8577323
0.2683058
0.788611
0.9154649
0.9613874
0.94479424
0.898656
0.7358119
0.4222013
0.6589842
0.7353589
0.97411096
0.7057413
0.73069793
0.6335718
0.9549668
0.80573964
0.8628336
0.9453123
0.9809918
0.9373969
0.938439
0.748097
0.9084992
0.78411525
0.9517549
0.939822
0.9599784
0.98499596
0.80970246
0.4779971
0.9083103
0.9469742
0.7488599
0.9626996
0.55550766
0.74629235
0.88249856
0.71288836
0.938804
0.9415991
0.98940593
0.47145972
0.29496974
0.9892447
0.1280825
0.82726043
0.9235142
0.85785234
0.9717448
0.6298356
0.9942356
0.9456543
0.78030515
0.9715645
0.8376828
0.46584144
0.4253113
0.97261864
0.79124343
0.9287775
0.81132483
0.8792381
0.97565633
0.98791224
0.51835406
0.97866344
0.5790576
0.94299805
0.8462784
0.9163349
0.97888625
0.1762625
0.35030937
0.73190993
0.9915869
0.9880447
0.99247086
0.6622705
0.9821614
0.97369814
0.95457584
0.9647343
0.98097575
0.89948595
0.9865404
0.73342466
0.9434345
0.9819519
0.9747283
0.97853136
0.7273893
0.7928106
0.35031015
0.9593889
0.9154702
0.9878057
0.94631946
0.8921057
0.8711545
0.9747761
0.29296613
0.78884774
0.9516944
0.19076918
0.97300804
0.31520867
0.9870139
0.7774784
0.97257215
0.96370137
0.8377718
0.8863096
0.3477122
0.8207935
0.9906623
0.9678437
0.951411
0.91001725
0.97188985
0.97992516
0.85591376
0.44677162
0.9804182
0.63190717
0.93848836
0.95878416
0.37783137
0.97012234
0.96738106
0.96447057
0.92458427
0.5817863
0.98372376
0.9140007
0.65340537
0.96563584
0.9531208
0.8605215
0.8423436
0.8194356
0.89650214
0.96985495
0.8116044
0.7651507
0.97800946
0.7523959
0.46472573
0.97532463
0.88519615
0.72967947
0.7990737
0.96331537
0.97836053
0.8850706
0.5045808
0.95768815
0.27685055
0.9592973
0.9045072
0.8926994
0.9594744
0.75942534
0.9409962
0.95452726
0.9282629
0.9850839
0.9657097
0.62131405
0.59203804
0.89917207
0.92385226
0.9145736
0.3587693
0.6524416
0.8284128
0.95514
0.2687846
0.84552896
0.24170183
0.24800329
0.9633136
0.4872563
0.93111295
0.98011464
0.42465174
0.9737248
0.9425968
0.04014889
0.9811538
0.8858109
0.75326705
0.98005
0.9659931
0.91002977
0.97781175
0.98894125
0.56189126
0.9654003
0.9795838
0.9892061
0.9950098
0.8548473
0.87674946
0.94996965
0.9822925
0.964451
0.98690236
0.9264238
0.10811194
0.9590023
0.52992857
0.32541388
0.95478624
0.98366773
0.8293096
0.5076455
0.9423556
0.98727113
0.7826328
0.9516219
0.92465246
0.9619446
0.9379186
0.7081997
0.9872962
0.9436409
0.87137836
0.9677807
0.95556325
0.9646229
0.6194956
0.068544924
0.8184526
0.7932345
0.9408907
0.98791295
0.9932248
0.95309377
0.8645686
0.98691946
0.7865469
0.58710116
0.9267117
0.9891783
0.94308424
0.72687787
0.96799856
0.6785181
0.940934
0.9839548
0.9686328
0.9076226
0.94114393
0.79063773
0.9199877
0.95814484
0.931739
0.9720425
0.72939724
0.56520224
0.97885466
0.9907844
0.9464949
0.34368187
0.6543362
0.9678352
0.9765023
0.95521015
0.9361921
0.83417845
0.94257295
0.986662
0.98818225
0.9924574
0.76614594
0.27101737
0.9598761
0.75725657
0.76261556
0.99427986
0.98774916
0.9172575
0.79860115
0.9835096
0.60887074
0.6076694
0.7903045
0.3897989
0.890496
0.9008682
0.6736335
0.9911573
0.7014827
0.9955427
0.82924944
0.94686
0.8820748
0.85240614
0.9457763
0.66149586
0.9646918
0.78752416
0.93156284
0.7181141
0.9882427
0.935723
0.9541324
0.9639826
0.95789254
0.8350719
0.48193008
0.97283757
0.9618639
0.98433083
0.9492695
0.9133558
0.96795416
0.9691403
0.8995145
0.8570183
0.9878318
0.41156766
0.9502568
0.5230078
0.9103595
0.9329349
0.930959
0.78946745
0.8768997
0.96628654
0.9446114
0.9000859
0.662748
0.97938985
0.80708694
0.08845244
0.91292536
0.8533751
0.9259865
0.971475
0.6565531
0.9195637
0.92472225
0.99269897
0.8564606
0.62378407
0.28001085
0.91974753
0.9889297
0.9897546
0.9584306
0.9840391
0.9490399
0.98308015
0.92066675
0.9700743
0.9262307
0.947986
0.905436
0.9077966
0.94890773
0.9824196
0.78691393
0.975859
0.91117156
0.88747764
0.99118364
0.5970774
0.074550875
0.9228233
0.51271623
0.8221767
0.9916101
0.80416024
0.8390551
0.83401626
0.76627356
0.4136002
0.8029106
0.8784628
0.85701716
0.9476731
0.97445303
0.6028055
0.87836236
0.78082156
0.7967491
0.96730506
0.80652595
0.30621284
0.84244937
0.9413165
0.65540195
0.96819735
0.9351392
0.99378866
0.89613926
0.9826387
0.68504035
0.95686895
0.95958436
0.44488946
0.97856474
0.9541159
0.45721084
0.87412375
0.99147743
0.9782615
0.93837774
0.9741407
0.9405833
0.4028047
0.9855881
0.9703508
0.9702008
0.9824541
0.9941127
0.9678822
0.98880625
0.8037003
0.83041596
0.9669621
0.98536056
0.98423994
0.98752743
0.96041244
0.57910657
0.9917243
0.9826691
0.9205653
0.8540462
0.57365227
0.72890735
0.97706693
0.97397906
0.8153014
0.85263425
0.98651785
0.80349267
0.98107266
0.9839587
0.96764016
0.99081224
0.782885
0.82586676
0.091451846
0.8756106
0.7936883
0.9869219
0.94937456
0.9039908
0.97358185
0.7960449
0.96790457
0.98625225
0.112271614
0.87472075
0.86946774
0.9529872
0.8729079
0.9205399
0.9838815
0.92400897
0.989479
0.9087782
0.8806187
0.7837088
0.96984404
0.87231624
0.96011
0.97466815
0.42928982
0.8922668
0.686875
0.94690853
0.93099296
0.9786483
0.98407114
0.96962667
0.899354
0.9918682
0.93478256
0.58915895
0.87062675
0.9897226
0.93551296
0.9901979
0.9093614
0.8304311
0.64285696
0.7226628
0.89396644
0.784475
0.58460414
0.41405252
0.98581505
0.96661204
0.9178665
0.947818
0.987525
0.56120145
0.81988776
0.9808926
0.34105638
0.7894505
0.97986746
0.92384666
0.9569041
0.7451947
0.9348423
0.91973525
0.8317028
0.9944402
0.8888639
0.9198204
0.96356565
0.6323823
0.98984116
0.5650215
0.86528623
0.7461034
0.7489336
0.7606466
0.49320337
0.5217267
0.8583307
0.96776474
0.98531127
0.9723999
0.95268136
0.83803904
0.831863
0.98557776
0.92323244
0.41011545
0.98681355
0.9761958
0.8655063
0.9778922
0.99191123
0.9932957
0.9257951
0.8640197
0.6856177
0.9355954
0.58391786
0.9754961
0.7080029
0.81060356
0.5720643
0.78224707
0.67266434
0.93339276
0.9945562
0.7020874
0.9767844
0.9248036
0.8863064
0.6536415
0.87015426
0.593291
0.43081734
0.96426535
0.9747968
0.80394304
0.97275907
0.96999234
0.92509246
0.97726405
0.91223913
0.9927705
0.56596524
0.9826565
0.9759931
0.98950315
0.9823705
0.9756625
0.9834489
0.9858736
0.867158
0.91975844
0.964138
0.98012793
0.9343604
0.88247335
0.8018064
0.87203646
0.95773345
0.7003313
0.63060176
0.88620824
0.9402871
0.9822918
0.9892915
0.94056153
0.86069083
0.94413465
0.647659
0.8951157
0.8161337
0.27744693
0.7486868
0.8600274
0.9486074
0.9087798
0.28960305
0.98442656
0.5089842
0.8597433
0.8067323
0.007852768
0.5124127
0.8951746
0.9915241
0.88689905
0.3850514
0.8296686
0.9936373
0.12237622
0.982434
0.90964323
0.9613559
0.628566
0.9569687
0.35772663
0.6103242
0.94661117
0.81492037
0.3729365
0.95488364
0.981737
0.8668194
0.98711395
0.9821844
0.51300275
0.9258572
0.9421576
0.9248598
0.66565675
0.9784737
0.7859415
0.78893226
0.7192728
0.83164346
0.8794248
0.10624361
0.95816654
0.76171356
0.9741561
0.9018981
0.9531774
0.84313005
0.98345286
0.7210667
0.09830138
0.36951375
0.93362254
0.9554299
0.9669417
0.83778435
0.9689405
0.9811428
0.9733951
0.7959398
0.9880409
0.9535892
0.9885626
0.4336801
0.990608
0.9807716
0.84234303
0.5009064
0.95965046
0.97700214
0.89382905
0.9437586
0.9752609
0.8371709
0.96350515
0.6086913
0.8899771
0.88605905
0.9846528
0.97244734
0.7563673
0.9756437
0.8948417
0.8480277
0.67499214
0.84770656
0.98267615
0.9416463
0.9551607
0.97978914
0.9899198
0.9649103
0.82761776
0.9007217
0.9873116
0.99046844
0.96493185
0.9867056
0.9186095
0.7057504
0.97733945
0.8993153
0.84579307
0.91493
0.9867178
0.18980975
0.9595901
0.9755552
0.99107575
0.7455734
0.8245053
0.965711
0.96109486
0.76710624
0.9911843
0.97163
0.97405
0.98658293
0.6803883
0.91666496
0.972463
0.9776162
0.8518203
0.96968263
0.99062437
0.95079947
0.9919957
0.6903671
0.8824477
0.80481154
0.83936226
0.9573809
0.3595209
0.9250023
0.95958024
0.04214161
0.9570139
0.8927013
0.8907838
0.9938922
0.98845917
0.96826035
0.9270029
0.9763717
0.81654114
0.9864184
0.9924758
0.83201903
0.8774119
0.6509753
0.8346494
0.83982205
0.92399025
0.9252595
0.30832627
0.37002197
0.5867474
0.70607126
0.97480655
0.98861873
0.83802766
0.8642067
0.72752476
0.5428657
0.9768777
0.9620845
0.965015
0.3963028
0.9816492
0.6845564
0.87746054
0.9761296
0.8902245
0.927022
0.9271465
0.9951255
0.9761737
0.7871057
0.03735692
0.917032
0.94836015
0.8716845
0.6861916
0.7432489
0.28154555
0.9811771
0.93328124
0.9815864
0.92100626
0.9544459
0.5877687
0.8984948
0.99207366
0.8752393
0.77402717
0.98504907
0.92644876
0.98473215
0.90646046
0.9762842
0.9915488
0.8803768
0.7743953
0.97712165
0.9188664
0.963622
0.86417514
0.9809987
0.8999246
0.97305197
0.97924954
0.75959754
0.44695067
0.8651303
0.8587508
0.8109832
0.9857283
0.8425999
0.9919264
0.9078767
0.6859379
0.9242581
0.9845088
0.87915796
0.9660628
0.9259142
0.9481348
0.8928769
0.9670708
0.9007759
0.9633448
0.8118068
0.60136104
0.9051431
0.85333645
0.81373405
0.80578464
0.8475561
0.8872556
0.9901377
0.9787325
0.9890683
0.82856274
0.9841074
0.9222813
0.94994766
0.3654812
0.80211663
0.9018331
0.9514962
0.9257985
0.3216662
0.9028746
0.9758851
0.91770065
0.99043137
0.9183216
0.5216944
0.3357586
0.9923389
0.8889649
0.008409279
0.9856748
0.94590104
0.9131156
0.88425666
0.96879256
0.9807217
0.98697925
0.9877801
0.74238706
0.4909216
0.9845851
0.9807077
0.9470656
0.6694445
0.4229193
0.59267825
0.918333
0.98796916
0.99490756
0.9320464
0.9874823
0.92800146
0.92199904
0.98139197
0.97269404
0.7168752
0.97786486
0.94632363
0.9645644
0.7609122
0.9769619
0.9472218
0.9040023
0.98083717
0.74339813
0.9648985
0.9721033
0.73331547
0.98636484
0.6737202
0.71802104
0.47678438
0.98011416
0.98131883
0.61276686
0.9038935
0.85541725
0.89533085
0.93827456
0.5608297
0.85651827
0.49462304
0.7735087
0.9826995
0.9136663
0.29730305
0.9092862
0.75283366
0.9472359
0.9687271
0.9489588
0.9833825
0.97954065
0.56310743
0.91044855
0.9826949
0.90214396
0.42784527
0.916501
0.97106916
0.9137546
0.60479516
0.9228942
0.9394241
0.9922414
0.96486235
0.909425
0.949426
0.9490507
0.99459416
0.99023
0.95884764
0.9828219
0.75864697
0.76636577
0.81831294
0.8154995
0.3432915
0.927064
0.9942023
0.9482225
0.003138696
0.8682056
0.9717853
0.97438973
0.93215215
0.42289153
0.9203339
0.8360485
0.72453225
0.86761343
0.34982565
0.6508682
0.980903
0.9045197
0.8765127
0.9744454
0.9895712
0.9855483
0.9866153
0.74764127
0.7806863
0.98118514
0.9849814
0.95816004
0.8817561
0.512498
0.13769582
0.7980631
0.96835595
0.94133466
0.98088354
0.89764786
0.5579422
0.9742026
0.6237493
0.7350524
0.96361667
0.96904635
0.9171643
0.83306944
0.9619736
0.5214113
0.94921404
0.9296682
0.6080888
0.917595
0.68777657
0.97964567
0.9926438
0.91837823
0.9898991
0.45236072
0.96821266
0.90772814
0.98234
0.932887
0.98997444
0.39735562
0.937485
0.59342575
0.9692914
0.8552524
0.3709151
0.8993334
0.75946915
0.95995927
0.97321916
0.98580927
0.99189466
0.9797936
0.93662024
0.9659594
0.8763074
0.9740233
0.9703405
0.98204845
0.97912836
0.93544877
0.68163145
0.9562084
0.9882057
0.80140215
0.584179
0.40537852
0.15987913
0.93820417
0.83916867
0.98297507
0.5507883
0.9064534
0.9465987
0.36641845
0.6626244
0.8806962
0.9371905
0.7264015
0.9950105
0.9521917
0.0057539498
0.57739943
0.75684416
0.97244203
0.3803685
0.88905
0.925209
0.9885211
0.0893866
0.39530635
0.87071604
0.65495825
0.940134
0.9042743
0.5835598
0.98273116
0.9842918
0.42625412
0.630369
0.9840613
0.9238579
0.9288817
0.8113524
0.99289626
0.8549311
0.97066045
0.9746585
0.9672144
0.9828106
0.89748937
0.64423585
0.8686422
0.2910896
0.9893422
0.09353414
0.96046567
0.83415276
0.81246996
0.80078775
0.98600197
0.95627445
0.9249624
0.85663766
0.80571216
0.5824972
0.8468167
0.9463079
0.97635114
0.93478495
0.9481911
0.902
0.34857088
0.9846112
0.9861427
0.9363759
0.919402
0.9298288
0.70238626
0.96197206
0.33511108
0.9175827
0.8812923
0.8858443
0.65126014
0.9284812
0.9894823
0.7406215
0.3597504
0.828479
0.9666253
0.8211044
0.40888014
0.9771534
0.925372
0.40668628
0.9874071
0.9837166
0.94135106
0.98870534
0.91812444
0.89417547
0.98344237
0.40227416
0.8196967
0.94378495
0.90994006
0.93647724
0.9947036
0.29450577
0.96162945
0.97462666
0.53055614
0.99172395
0.8908813
0.9753287
0.72805995
0.88545054
0.91067976
0.8483983
0.9526251
0.9508179
0.91233736
0.98584557
0.9683668
0.8319104
0.97323453
0.9819639
0.9631915
0.9456868
0.4963591
0.87559277
0.48078737
0.87882817
0.99554473
0.96749866
0.9670484
0.9010136
0.9651253
0.94415474
0.88749444
0.9907069
0.83981544
0.9479809
0.76424384
0.91020465
0.95875734
0.95468414
0.6990712
0.8971904
0.9689743
0.647022
0.90851927
0.43387622
0.21791014
0.90138656
0.8493028
0.55046105
0.9094074
0.5276101
0.9776678
0.9771892
0.15031204
0.9741387
0.97127897
0.8194119
0.9295212
0.18702628
0.85522825
0.9426816
0.96606445
0.98775196
0.8867565
0.99354047
0.9971004
0.8428778
0.14340134
0.93751293
0.9107077
0.9883781
0.9293398
0.8153177
0.93018496
0.9155336
0.94372284
0.9887186
0.846135
0.9632397
0.47473955
0.67349017
0.9766426
0.8749207
0.9408601
0.94238436
0.88174444
0.9653556
0.86420125
0.9897821
0.9826643
0.16632447
0.9875907
0.92758507
0.7128678
0.34044233
0.38816804
0.9413915
0.6980327
0.9533158
0.98867106
0.800779
0.9558655
0.943478
0.9398392
0.9934762
0.62914217
0.90671676
0.57369065
0.95664865
0.93371
0.9825654
0.7873342
0.9875485
0.7492047
0.3367423
0.95626086
0.5579824
0.68084043
0.7818933
0.8645587
0.9696342
0.4028935
0.6305568
0.9870477
0.641416
0.9446134
0.63177735
0.9890037
0.96104485
0.66596204
0.9638502
0.49495697
0.5273996
0.973698
0.96863043
0.17680801
0.9590334
0.8353484
0.918506
0.9118055
0.92129433
0.8897274
0.97211456
0.7242452
0.8959413
0.9071175
0.9022676
0.989665
0.9862395
0.92905104
0.07311766
0.3201398
0.8477728
0.97879225
0.77565444
0.93470216
0.9052092
0.8486186
0.9705694
0.6216853
0.95517296
0.9621989
0.8643348
0.94720495
0.8036155
0.9834751
0.8532385
0.9589384
0.863223
0.9379211
0.9073533
0.90954924
0.6311399
0.8878822
0.93198645
0.9713618
0.7969645
0.9444587
0.98576164
0.9535358
0.7923651
0.5115436
0.5738831
0.8265381
0.63204473
0.98526186
0.98373216
0.97866356
0.96621174
0.9122006
0.92834234
0.98873705
0.8190979
0.14123268
0.64414936
0.9112286
0.97789544
0.8821809
0.99433446
0.98471814
0.94296795
0.8930308
0.918741
0.95672077
0.94229764
0.6312933
0.21539558
0.88086635
0.18242112
0.94145584
0.21442816
0.79999334
0.9717433
0.9649143
0.9886495
0.981683
0.84813124
0.90821403
0.74251866
0.9483396
0.30527118
0.961029
0.8583087
0.94834626
0.921757
0.597255
0.9866834
0.9375708
0.94547194
0.9456805
0.9731678
0.97193944
0.9368322
0.74865234
0.56502426
0.4847147
0.018455716
0.18895851
0.9029364
0.982681
0.96921724
0.9835656
0.78334755
0.39139202
0.94139826
0.98962045
0.79795444
0.7185101
0.8408361
0.95663095
0.884426
0.57467484
0.94425124
0.58078897
0.96535504
0.120525755
0.94687593
0.8930985
0.8672107
0.98199445
0.92522544
0.98436594
0.8592217
0.7384026
0.87200147
0.09040598
0.22312333
0.910562
0.9596932
0.6924793
0.9146486
0.9879887
0.9220213
0.85486513
0.97085404
0.99225944
0.5432356
0.9908664
0.9818185
0.9289473
0.2325864
0.99622655
0.5513318
0.9443587
0.8815112
0.7081171
0.98003954
0.7961767
0.996705
0.9768247
0.6592304
0.981991
0.6708829
0.9645792
0.79938674
0.9081737
0.6101575
0.42384282
0.99235183
0.8309047
0.95520455
0.824753
0.36574703
0.77368784
0.70817596
0.9004118
0.6073517
0.77186096
0.87008905
0.9487212
0.66168225
0.9786564
0.5871643
0.9175881
0.93553853
0.9677776
0.797876
0.93927145
0.7654143
0.9143559
0.9775417
0.6133001
0.105721876
0.8211614
0.9546641
0.94912565
0.71847534
0.17364709
0.99067533
0.9540674
0.78760076
0.35012776
0.971117
0.4525585
0.43385395
0.6812287
0.9709217
0.31835997
0.98999107
0.9069464
0.99307764
0.8448917
0.89893115
0.8397976
0.8311858
0.7895412
0.8203343
0.37587154
0.9547796
0.9628986
0.9299146
0.46988901
0.7797907
0.9555564
0.98552555
0.7373238
0.664813
0.5429368
0.9689434
0.8009732
0.53953415
0.960341
0.5170919
0.88262504
0.9490254
0.9630864
0.991882
0.98372906
0.98200524
0.90172833
0.7286921
0.520505
0.9906799
0.8296515
0.6778984
0.9574543
0.7919965
0.8687652
0.92381877
0.9834959
0.9894883
0.9570609
0.96304417
0.7126129
0.9893583
0.5889107
0.99419856
0.94077736
0.18878637
0.78893536
0.9188152
0.7164744
0.93878657
0.1782036
0.9223568
0.9347664
0.97765464
0.7402052
0.8958594
0.893098
0.9781546
0.95869315
0.98587066
0.9793452
0.9502135
0.94872487
0.9339373
0.80201876
0.98810464
0.861279
0.9198918
0.25246322
0.38532352
0.91936296
0.97478366
0.9842263
0.7834649
0.9840246
0.36572826
0.96914184
0.9824954
0.90236074
0.94740456
0.3776282
0.81098026
0.9235129
0.55576235
0.9880121
0.9739439
0.75975174
0.9768754
0.9782672
0.9355643
0.80263597
0.7852483
0.77781534
0.9534598
0.8629213
0.8877297
0.55770594
0.9564435
0.97163016
0.95203644
0.8503947
0.9607829
0.6680592
0.6901383
0.97381204
0.97536784
0.75365114
0.8387756
0.613613
0.9637894
0.9738433
0.92625713
0.9610375
0.9308819
0.9697529
0.8913192
0.632415
0.966234
0.85011554
0.98334
0.8764348
0.65411466
0.35364047
0.9015139
0.72576165
0.050570726
0.73359656
0.84300554
0.44855478
0.9847451
0.41402864
0.96808773
0.85471964
0.9784824
0.42120698
0.9941561
0.89317495
0.9698214
0.93090105
0.89375126
0.38007474
0.8896553
0.7281657
0.9460414
0.93083286
0.97447646
0.96882164
0.98819655
0.9124756
0.78533363
0.90811425
0.65814906
0.56376606
0.75156045
0.9688636
0.9912844
0.8991048
0.7932459
0.9498044
0.97849977
0.97021514
0.9831308
0.9884105
0.98421866
0.9720671
0.8944223
0.9894204
0.80896264
0.93609464
0.76600766
0.90030646
0.78315943
0.7622611
0.98634315
0.1854987
0.9268416
0.19544785
0.7252714
0.9783068
0.90257436
0.9888032
0.9508932
0.91906863
0.9526822
0.83321303
0.9450936
0.9598254
0.8787195
0.7403443
0.774611
0.99385685
0.986795
0.8106964
0.74402547
0.9792132
0.9547051
0.96207124
0.93140286
0.9129683
0.99610436
0.96299565
0.9878671
0.9837262
0.98554844
0.07069712
0.8859944
0.8590348
0.98803407
0.9270007
0.26757205
0.41235575
0.8047144
0.92651105
0.8452451
0.94032824
0.9637597
0.9334111
0.9877958
0.98733366
0.8874034
0.9597158
0.81313586
0.75017923
0.95400524
0.9806826
0.98211265
0.9180688
0.99094033
0.921392
0.8718834
0.1984651
0.8388064
0.9313946
0.9822265
0.9814672
0.942569
0.5976614
0.82720333
0.7975219
0.9863703
0.99511355
0.8230337
0.23441593
0.8941837
0.9639513
0.9805068
0.89569896
0.93612146
0.36037403
0.62067634
0.9833371
0.98087424
0.96888477
0.88620806
0.72457725
0.71653944
0.14160869
0.9199014
0.8000966
0.030883169
0.98866445
0.97097594
0.38690078
0.74380034
0.9156396
0.9498296
0.97890943
0.91762084
0.98970604
0.4432366
0.9240468
0.51772666
0.55107427
0.981824
0.9425735
0.9653683
0.98830867
0.9442078
0.9891254
0.82564884
0.9781521
0.98598874
0.45222032
0.48244444
0.9181219
0.36907038
0.69984126
0.98014575
0.9540542
0.94674706
0.82177025
0.96423095
0.94023716
0.4151071
0.9237727
0.98585135
0.71619385
0.9282833
0.87671095
0.9867466
0.9431522
0.3601097
0.9014416
0.5180102
0.8854324
0.4968116
0.9756715
0.9444385
0.9754224
0.05914986
0.97812086
0.93599385
0.977773
0.8472519
0.8497373
0.56851864
0.769998
0.98581505
0.9414863
0.95815754
0.9897287
0.94996995
0.9028483
0.5670191
0.91203004
0.9478066
0.9813865
0.9842552
0.99023706
0.6883802
0.82091993
0.99329185
0.91471034
0.95553476
0.9851665
0.93362236
0.93231905
0.9339785
0.9708152
0.47843754
0.5957968
0.63865954
0.26529542
0.7878376
0.9896025
0.6715772
0.9638249
0.95993006
0.9602272
0.9742949
0.9389119
0.7134704
0.9824563
0.9803805
0.15452643
0.9823194
0.17056245
0.76098126
0.91887236
0.30803445
0.938546
0.196968
0.8022514
0.87002474
0.9561213
0.9934002
0.9767684
0.766666
0.98208076
0.957098
0.90024894
0.9819719
0.98737866
0.9851028
0.9946056
0.92947936
0.33459866
0.9237439
0.25092593
0.7865531
0.95768106
0.9392641
0.5363572
0.97653383
0.53345627
0.7670126
0.9722589
0.92983943
0.6180564
0.8417036
0.91307807
0.6466263
0.7251284
0.34787372
0.8151986
0.8887324
0.97638375
0.7403738
0.9814911
0.9916631
0.9904517
0.98559374
0.9710806
0.72189426
0.8261316
0.98454446
0.8269125
0.8247208
0.8699624
0.31417656
0.99594057
0.93175685
0.9393188
0.9908414
0.9344887
0.9300501
0.953858
0.89611524
0.9627113
0.96570486
0.99032754
0.98555195
0.9624286
0.9092327
0.9378414
0.98277617
0.8577344
0.9718635
0.98911124
0.76692015
0.6147476
0.9586907
0.874725
0.8842502
0.9109418
0.949905
0.84442997
0.97025216
0.46077996
0.98650557
0.7897767
0.79085046
0.9891639
0.27497888
0.9861643
0.9765237
0.9612836
0.24718168
0.8857932
0.95356894
0.9030336
0.9381868
0.97371453
0.021898404
0.90482754
0.97503805
0.7387195
0.8898606
0.9529831
0.84808844
0.85397464
0.9407743
0.7750833
0.57358325
0.96423995
0.98413646
0.8157005
0.9417097
0.8171239
0.8161505
0.8545895
0.9410786
0.94278026
0.9797545
0.8336629
0.86757493
0.41267857
0.9818033
0.9291583
0.9895293
0.95134765
0.97479
0.9308341
0.9490912
0.86555207
0.84877515
0.9704579
0.843973
0.8946794
0.95797735
0.97005165
0.9713315
0.12577343
0.33338156
0.8465032
0.9651066
0.911441
0.925299
0.3882005
0.9253436
0.97964966
0.9715073
0.6906615
0.9855341
0.97809076
0.9807654
0.9694333
0.9113921
0.58466506
0.85391974
0.95239395
0.3285122
0.97873914
0.9578176
0.9488476
0.9837715
0.90862614
0.93278354
0.9251244
0.9841248
0.994484
0.94462836
0.8726357
0.9744384
0.7784019
0.5629637
0.983915
0.982216
0.9953265
0.96372473
0.93027407
0.6616716
0.72304386
0.9400361
0.8684688
0.9728617
0.8854373
0.84237635
0.9819921
0.867825
0.7957651
0.92353827
0.99469805
0.98553306
0.9368862
0.941256
0.9365019
0.9957461
0.9453069
0.9782467
0.96034855
0.9838418
0.93220854
0.6106799
0.03569232
0.8923512
0.8880953
0.97691035
0.7972336
0.9757784
0.6327011
0.95497096
0.97816956
0.25070578
0.41119072
0.956571
0.9515332
0.8782611
0.9909162
0.8825929
0.9420984
0.99224746
0.4800862
0.94327897
0.94045603
0.9828864
0.9800249
0.9380354
0.97521937
0.9393904
0.9881859
0.55849016
0.9486519
0.9754979
0.71276474
0.94902074
0.863397
0.9421861
0.94184506
0.3610206
0.95878744
0.9444812
0.97753364
0.9259091
0.9929033
0.8115776
0.9517991
0.5753111
0.9662461
0.8191578
0.9720067
0.8527555
0.93235856
0.98550975
0.6052701
0.9605048
0.9519877
0.94414216
0.9903582
0.462984
0.93649685
0.9829601
0.9760668
0.2275086
0.940649
0.26702732
0.7584232
0.6115742
0.93616086
0.99383026
0.97935474
0.5534733
0.62978643
0.9806998
0.9561072
0.7030865
0.9559395
0.7183372
0.93629783
0.606231
0.9565255
0.91755813
0.90784395
0.9834019
0.9003707
0.93564254
0.71482956
0.89152855
0.9650648
0.98795366
0.6239197
0.8510374
0.9683138
0.5473128
0.75170666
0.9895293
0.12091319
0.8647668
0.46305582
0.9312184
0.9848529
0.8343361
0.86596125
0.8177399
0.89046514
0.9784207
0.99012685
0.9947464
0.19840764
0.98517656
0.5867868
0.18534194
0.95253253
0.7080718
0.62639606
0.87208253
0.99424464
0.63978326
0.9194862
0.9848043
0.9572859
0.91786414
0.9192962
0.8957954
0.9778325
0.9929482
0.8752048
0.9792573
0.7666522
0.9859352
0.9838807
0.8725426
0.8122615
0.7332083
0.90505564
0.9660488
0.7751718
0.894959
0.7539137
0.93376464
0.9546902
0.9939173
0.99052083
0.962533
0.95354974
0.9896493
0.37702215
0.57211787
0.7516969
0.9517019
0.8648062
0.78481734
0.81954545
0.87849313
0.9774435
0.9864557
0.97958183
0.9615677
0.9546688
0.8525208
0.2819487
0.9466772
0.90301806
0.45882815
0.9823523
0.81649625
0.91160464
0.9848002
0.90795636
0.8271568
0.6846816
0.9410177
0.80714005
0.43091258
0.9803756
0.98383844
0.90845674
0.84689194
0.7815485
0.97543794
0.9730866
0.8920971
0.8494058
0.98615116
0.8691219
0.7632027
0.9413423
0.89730364
0.9543421
0.9321253
0.96668595
0.96234816
0.55463666
0.9811044
0.77625054
0.9910459
0.9716967
0.89132047
0.6752291
0.95798105
0.9507224
0.9681125
0.92490274
0.9393302
0.93413085
0.9541859
0.98253006
0.94477266
0.9781754
0.98627937
0.9269246
0.35398203
0.9804714
0.96852356
0.25811473
0.9249012
0.6349273
0.9896807
0.9868885
0.90892786
0.63320446
0.9036283
0.94048923
0.94912994
0.810519
0.7227454
0.98902625
0.6908638
0.9454077
0.4916727
0.7003407
0.95232356
0.574298
0.978226
0.9880723
0.8666292
0.9524869
0.741034
0.92091376
0.940533
0.9330192
0.8772149
0.56707406
0.9725301
0.9431855
0.935594
0.9373506
0.9703927
0.9937143
0.9626788
0.97782284
0.5585371
0.91413236
0.96944684
0.90063626
0.96443075
0.863694
0.9270399
0.839593
0.89796454
0.85265505
0.9739624
0.92354405
0.9815026
0.88200164
0.9545944
0.48100534
0.956002
0.7127874
0.5985117
0.9543813
0.98761344
0.90730745
0.7002479
0.9885002
0.9648963
0.84294164
0.9991698
0.615402
0.98076975
0.97389597
0.05711592
0.9812966
0.5798003
0.7923293
0.9685328
0.9583321
0.8732408
0.9403396
0.94849133
0.9780385
0.39173406
0.9894366
0.4761904
0.90679574
0.991825
0.8553482
0.73028094
0.97917664
0.08808066
0.9836933
0.19060232
0.46480298
0.85695803
0.79267615
0.9736521
0.97063714
0.53944254
0.80939
0.6462956
0.7271957
0.9382926
0.9174747
0.8172443
0.4682613
0.8640539
0.9916558
0.8699164
0.9898915
0.88264346
0.9381175
0.94346344
0.95650053
0.92927706
0.85963696
0.78809285
0.8616577
0.9823438
0.97731847
0.98562
0.8721034
0.9654726
0.99169064
0.92961216
0.9036495
0.9610908
0.9463534
0.68246704
0.9563098
0.91842836
0.97541726
0.7256158
0.67251223
0.9737999
0.74122906
0.39435792
0.917525
0.91284794
0.9731541
0.9740205
0.9698667
0.7809162
0.5316292
0.08355133
0.93580663
0.953347
0.97234386
0.35888273
0.50382906
0.5468061
0.6503183
0.9139459
0.20939057
0.9383178
0.9158013
0.16673566
0.97862935
0.92842513
0.86198795
0.9762021
0.4970625
0.45386928
0.9617322
0.88765734
0.960231
0.974275
0.9533717
0.9211776
0.97765476
0.89704216
0.80765146
0.9289676
0.9760148
0.9759018
0.99188435
0.8680086
0.98320735
0.5168119
0.9394124
0.24007598
0.974152
0.9255289
0.7677765
0.9838234
0.8809282
0.97092587
0.8930925
0.9670484
0.7423036
0.6051775
0.87313414
0.9723041
0.6670746
0.9789245
0.88768715
0.79040366
0.9376462
0.35712454
0.97997266
0.94402754
0.39567614
0.9794629
0.7719693
0.80548465
0.9925821
0.9906488
0.9771427
0.8008715
0.84445304
0.94387406
0.7676749
0.98825014
0.9291422
0.65914226
0.91183513
0.862772
0.98868
0.9177577
0.9179331
0.9519906
0.89432555
0.9469247
0.16798416
0.8250982
0.8174372
0.96481574
0.89559305
0.8871478
0.82755876
0.98867315
0.96495736
0.9386331
0.97593963
0.99328643
0.89649856
0.8087472
0.8708678
0.80752456
0.8996052
0.9808878
0.9759547
0.956233
0.6855317
0.8302646
0.9387221
0.90125173
0.07401014
0.2628961
0.79909784
0.4611421
0.9835934
0.59796643
0.9921663
0.9674365
0.5631259
0.96958244
0.98953867
0.87417054
0.49376318
0.8987475
0.9630298
0.9437841
0.97450984
0.9701789
0.90128314
0.8364902
0.97279084
0.98970604
0.80085725
0.7034681
0.9747242
0.91844606
0.806366
0.9793514
0.8466788
0.97520894
0.91521686
0.5615638
0.90700364
0.9904998
0.7983563
0.9096328
0.76296043
0.83821964
0.989031
0.9239724
0.9182809
0.12461731
0.8167114
0.9438697
0.73860115
0.92006046
0.7297423
0.985134
0.48811182
0.9859213
0.8305927
0.7145503
0.83969724
0.94625944
0.70874935
0.581084
0.21202715
0.8300611
0.9900961
0.9738776
0.9856995
0.97894794
0.53058594
0.8467527
0.8613715
0.94180405
0.9782698
0.94336814
0.93923455
0.8648448
0.94613403
0.9810296
0.07569131
0.9774235
0.65437305
0.9518438
0.6974471
0.9599807
0.41907954
0.7788952
0.5319199
0.8564424
0.9350138
0.288781
0.90283066
0.41276702
0.9297188
0.95350176
0.89984715
0.98764604
0.96558696
0.87417346
0.7220377
0.7630308
0.9189662
0.82719207
0.9908642
0.63323843
0.73346174
0.9772282
0.9862947
0.85267866
0.75503117
0.88420075
0.98094785
0.34924525
0.97867304
0.9790685
0.85019016
0.9492957
0.6372506
0.9841224
0.04502966
0.9463539
0.9687992
0.97706974
0.71046686
0.895427
0.900149
0.7027188
0.87089133
0.88369155
0.9540675
0.35979274
0.71239924
0.82783985
0.9824901
0.49482045
0.98813677
0.8721029
0.9574294
0.94947666
0.90345174
0.9593322
0.98194927
0.68976825
0.96202016
0.98237085
0.9507446
0.9783424
0.94239295
0.9328165
0.94948393
0.9207011
0.9475823
0.97968906
0.8816073
0.964782
0.8101615
0.9875229
0.9303013
0.87301314
0.7996389
0.4906029
0.9725413
0.67247
0.19278997
0.9964191
0.98141426
0.9886254
0.8456121
0.9598443
0.2378666
0.9632029
0.9856776
0.9591551
0.9505468
0.9550818
0.78677577
0.9020277
0.84361076
0.9804843
0.6053775
0.9565572
0.07888594
0.857107
0.94938207
0.8782989
0.8744955
0.9241834
0.9886376
0.45210046
0.9786781
0.9169956
0.78286415
0.85840946
0.76471674
0.9539346
0.8768333
0.9768063
0.93777996
0.7415079
0.21081625
0.9780716
0.9557159
0.5000694
0.49064955
0.9291482
0.9876203
0.95802927
0.9340757
0.93820804
0.9446201
0.80540335
0.95600367
0.935124
0.93827444
0.97438055
0.9899899
0.63375425
0.95062214
0.6329313
0.9736211
0.80792093
0.9014929
0.8196909
0.98263127
0.98317885
0.88871026
0.41320685
0.48565376
0.9950305
0.66015273
0.9047741
0.8940271
0.14265002
0.9611294
0.69434905
0.97609293
0.9846164
0.568145
0.9865427
0.92371744
0.9278872
0.9720426
0.9868139
0.9484347
0.9525968
0.8497531
0.9422448
0.8942158
0.9744158
0.90165263
0.814273
0.9890805
0.35937777
0.7203713
0.94910985
0.8353037
0.6683425
0.82881856
0.9705682
0.9822298
0.95474887
0.9563186
0.92394584
0.78004014
0.91880685
0.87597555
0.9622729
0.949455
0.9597519
0.9715801
0.9751593
0.55992484
0.98349863
0.99002844
0.8895039
0.95660204
0.9750054
0.9299458
0.37782398
0.9880216
0.75748366
0.89640874
0.73373955
0.6639099
0.7216445
0.8702176
0.9055217
0.8752272
0.57641107
0.9924884
0.9218274
0.9327973
0.98633796
0.8966793
0.6920666
0.9159103
0.53051054
0.98446125
0.6290331
0.9121972
0.8627373
0.9117188
0.94255114
0.9333595
0.9673043
0.990086
0.69506615
0.8720295
0.88197446
0.7003164
0.90196574
0.93197185
0.36008778
0.96492743
0.9346554
0.9766052
0.94402987
0.96554273
0.9855047
0.9152102
0.88627726
0.91729945
0.32405075
0.7567367
0.9449458
0.54238564
0.98928493
0.8496073
0.98712534
0.9874604
0.97100776
0.88862044
0.9631596
0.92777544
0.95557284
0.16974781
0.9030414
0.9140198
0.9553975
0.97299224
0.7852595
0.9408769
0.78173405
0.7076446
0.92768466
0.9497903
0.4806933
0.80962217
0.95939773
0.9862364
0.93053776
0.94074845
0.9804016
0.7676624
0.9913051
0.9322799
0.9872869
0.9829889
0.060920395
0.73599297
0.93719923
0.8612633
0.96318996
0.7900541
0.9946543
0.5787911
0.9573806
0.9470471
0.41879317
0.973005
0.93085426
0.9292911
0.9480056
0.45371708
0.54879636
0.92942023
0.98408973
0.993763
0.8344369
0.99079895
0.8829398
0.27799267
0.97942644
0.9408053
0.9352715
0.9937503
0.9663217
0.8000404
0.9485358
0.97847867
0.9930347
0.9260245
0.9443774
0.99321425
0.91959476
0.83344936
0.9766545
0.83914477
0.90651953
0.39642468
0.62135184
0.9917583
0.911591
0.80859905
0.7568285
0.965957
0.9784743
0.9559907
0.79743
0.99482155
0.9008278
0.46157405
0.71503574
0.93189204
0.99065244
0.9947554
0.60383445
0.96688575
0.591704
0.7444882
0.9829752
0.9841076
0.77499926
0.99424523
0.94888043
0.91971284
0.9800014
0.6724536
0.9218055
0.8992313
0.9756915
0.79064906
0.98166406
0.020560287
0.9913236
0.9735528
0.5546334
0.96675295
0.55312186
0.97032714
0.9055281
0.96076035
0.9327289
0.92265993
0.9904399
0.9807313
0.93028253
0.9829776
0.94062674
0.96169657
0.9905439
0.9715656
0.6780593
0.8363411
0.9060828
0.91476357
0.95601463
0.9885677
0.9664278
0.8436847
0.93626046
0.9749229
0.90720695
0.4172298
0.8554008
0.16444355
0.96137273
0.88890874
0.9851223
0.9831839
0.84084874
0.8131423
0.99399984
0.98652434
0.9809058
0.81685156
0.9002453
0.98521614
0.88806766
0.9906454
0.67900234
0.97799635
0.95054
0.873738
0.8796283
0.95347834
0.67265177
0.97833997
0.9796337
0.953914
0.50958717
0.9764811
0.19614679
0.900619
0.9532833
0.96551937
0.9642998
0.9834622
0.97737074
0.79159063
0.95972973
0.9731256
0.9852636
0.98344857
0.9589382
0.8476488
0.81285906
0.86776906
0.8990185
0.9501788
0.97537065
0.7726157
0.8854096
0.6817021
0.98100555
0.9648545
0.9870036
0.91755813
0.9438029
0.9843687
0.97840697
0.91481125
0.5192157
0.97963184
0.7924614
0.94720197
0.73722893
0.98964894
0.92069775
0.9638661
0.9830162
0.91532683
0.32062578
0.062154
0.9239475
0.98174554
0.8360417
0.9369405
0.98170793
0.94344485
0.95954597
0.85123503
0.9790902
0.9804826
0.9923522
0.87311214
0.9071357
0.7507716
0.49591067
0.8811239
0.95635647
0.9857479
0.8738024
0.9803756
0.9592645
0.9711553
0.9382842
0.9688458
0.9456341
0.8943752
0.7610521
0.9762566
0.52944136
0.9886276
0.8745115
0.94291276
0.97272825
0.917765
0.95396674
0.9472367
0.9568681
0.2585524
0.9865936
0.9609221
0.947979
0.95376366
0.9847416
0.48519498
0.91140825
0.9458729
0.96310997
0.528802
0.1392891
0.62152743
0.98996735
0.9628502
0.80419254
0.77368003
0.22533835
0.81222755
0.8836138
0.9513251
0.44925278
0.71896785
0.7067274
0.4217525
0.9850869
0.95203394
0.9074328
0.8693269
0.9938267
0.9223588
0.85612124
0.9760336
0.88886327
0.6617034
0.9376094
0.3695359
0.8874148
0.9890883
0.9810053
0.91658443
0.35853437
0.91357774
0.87142164
0.80927366
0.91385645
0.77206826
0.9925615
0.9850856
0.99068767
0.8998402
0.98105705
0.52515745
0.98711663
0.927498
0.982091
0.93013173
0.9688928
0.945822
0.797114
0.43964502
0.7819313
0.98577267
0.9776799
0.48255217
0.31556034
0.98566055
0.8749014
0.7796227
0.92929137
0.9583966
0.26618364
0.987988
0.9715747
0.5892918
0.9943234
0.88953817
0.9889492
0.95683134
0.92486674
0.12668522
0.86690176
0.95641994
0.9823163
0.9470532
0.94149846
0.98929465
0.8699946
0.94942814
0.9266219
0.96046996
0.98190665
0.60869694
0.7872874
0.3145282
0.916368
0.94158363
0.8904069
0.7989843
0.6534907
0.31356454
0.9625432
0.8932886
0.97556883
0.96549225
0.9492468
0.96457493
0.9878533
0.18742324
0.81522506
0.8349933
0.93846714
0.92040104
0.92020285
0.8949686
0.93191016
0.9766816
0.9294078
0.76093996
0.9216157
0.81266415
0.95405304
0.9180571
0.79276514
0.9752518
0.99356705
0.810468
0.9387187
0.8402364
0.9460774
0.888253
0.81703573
0.7368723
0.9281951
0.97063035
0.8308702
0.1370565
0.72210044
0.72980267
0.9768693
0.97469157
0.8504882
0.8974881
0.9855774
0.8302603
0.34197125
0.5692161
0.95601606
0.6129448
0.9249171
0.9461034
0.87848705
0.9190353
0.84191203
0.96364236
0.960773
0.7614193
0.985529
0.94784904
0.5918238
0.97681856
0.33601642
0.50993437
0.99593985
0.9140251
0.88620603
0.74203795
0.94851875
0.5418347
0.9103296
0.9078747
0.6722705
0.50065345
0.73156893
0.947564
0.99169266
0.86939263
0.7811144
0.9865498
0.95810074
0.977791
0.7983265
0.9671447
0.8651597
0.92735934
0.9794714
0.81883186
0.7750192
0.6396066
0.9615382
0.98543036
0.88277787
0.57257324
0.6995499
0.97064835
0.990695
0.9573584
0.9740839
0.7211197
0.9570291
0.97190034
0.95525956
0.8948277
0.006029286
0.99169064
0.9417204
0.9725476
0.95733756
0.9142946
0.9273902
0.8507659
0.8530704
0.8727219
0.9587319
0.33649194
0.57320666
0.99061894
0.98658526
0.99615425
0.24315871
0.959568
0.9879824
0.16761184
0.95003945
0.8115025
0.7850156
0.9697332
0.875851
0.39386904
0.9100803
0.61124134
0.979258
0.7955907
0.65825933
0.8935678
0.9558652
0.98998004
0.62369126
0.93460447
0.9919303
0.42123616
0.9075559
0.7501173
0.9827995
0.98650914
0.99026895
0.839522
0.9300179
0.8629671
0.6703567
0.84384626
0.9899502
0.767317
0.73923683
0.90725935
0.90316963
0.1547828
0.6595834
0.81410456
0.9610518
0.9666563
0.985641
0.98037773
0.6979052
0.9410445
0.91770744
0.6879139
0.9839909
0.96131426
0.9877024
0.9426457
0.9749049
0.94092333
0.7787816
0.96831906
0.8683993
0.98323417
0.7896614
0.8737028
0.9478231
0.6940798
0.91144854
0.9492087
0.9569568
0.7908255
0.85872173
0.94707215
0.9190448
0.94951254
0.7592291
0.98576283
0.9209264
0.5041696
0.99600947
0.9906695
0.9031357
0.97924143
0.99442047
0.94312954
0.98198706
0.9931115
0.9892146
0.97816604
0.8592091
0.92480916
0.9575175
0.9788345
0.6449018
0.3301137
0.85188276
0.96533924
0.9454533
0.67583644
0.97259086
0.9830754
0.938992
0.29756856
0.963956
0.49013034
0.9646564
0.91080105
0.943996
0.293066
0.83451074
0.9864564
0.8916166
0.68831074
0.9944944
0.9891083
0.6968093
0.8682705
0.8668278
0.9795687
0.9702773
0.7108001
0.72416264
0.94217944
0.9388765
0.9773234
0.7367902
0.9501864
0.60319346
0.8266264
0.97225994
0.5266887
0.50400305
0.8887993
0.96178436
0.9580215
0.865739
0.98310685
0.76025784
0.809753
0.9953715
0.97727317
0.87995404
0.2716904
0.98331046
0.9357829
0.42197627
0.97080326
0.8950884
0.46745744
0.8841926
0.5558928
0.91147953
0.76018786
0.9481703
0.9869984
0.79904073
0.9828393
0.5385529
0.7479017
0.9746046
0.9753152
0.97621685
0.60752964
0.38713855
0.97590387
0.9853607
0.8696117
0.8175292
0.7081969
0.9011296
0.8536128
0.9875566
0.95392257
0.48848784
0.9545718
0.48860973
0.8948801
0.96676165
0.9475589
0.6050319
0.48574093
0.9267666
0.84018785
0.9429914
0.84009624
0.9859147
0.95729285
0.6666707
0.9326019
0.83693
0.98731226
0.97452366
0.96324116
0.95262897
0.9662819
0.82298315
0.32983527
0.7947138
0.48954192
0.46284407
0.96392065
0.9349362
0.71096224
0.933684
0.8785745
0.9663421
0.79436374
0.94861627
0.95851326
0.9904793
0.96691877
0.9813246
0.9872666
0.94891095
0.9584621
0.99341077
0.97613233
0.55256087
0.98805004
0.9521654
0.9583373
0.9914858
0.91337496
0.9649313
0.6863071
0.9156535
0.7872144
0.26844206
0.3893532
0.983201
0.97101206
0.90760654
0.9637626
0.9800535
0.9897001
0.97869474
0.91701573
0.88738674
0.63011974
0.9818424
0.9740261
0.9652734
0.79034567
0.9752956
0.9729793
0.98443466
0.96987087
0.976705
0.97886443
0.955725
0.947594
0.61815953
0.8219761
0.9725779
0.8055171
0.9763806
0.95722395
0.79982686
0.97525376
0.9799083
0.9772849
0.9907231
0.9256244
0.9734718
0.9257682
0.96388775
0.4873062
0.9884106
0.9223806
0.7596551
0.9692777
0.7475709
0.98414224
0.8502723
0.82676446
0.98252904
0.25275105
0.9444716
0.56987697
0.9560799
0.7709262
0.9965
0.98297113
0.9722935
0.9581278
0.98740244
0.9753813
0.90023804
0.9837373
0.9770141
0.9865254
0.7999287
0.9731419
0.7641741
0.93324685
0.9515561
0.7147489
0.2078696
0.9059825
0.50122166
0.9922305
0.99538773
0.96277285
0.9906086
0.8818598
0.740361
0.7882094
0.45226103
0.97502655
0.75526255
0.97589445
0.9500162
0.9203859
0.97994035
0.46004987
0.9357522
0.85569
0.9808873
0.981632
0.6820104
0.96640956
0.49494353
0.97026604
0.52733356
0.9600006
0.9418166
0.97146446
0.9247813
0.73206407
0.94749993
0.938071
0.7795172
0.14198662
0.96831316
0.9818002
0.9341196
0.8470438
0.57551765
0.32979
0.98129165
0.4260149
0.96047986
0.7421835
0.9253593
0.72248787
0.90465343
0.9805587
0.96559227
0.988736
0.8802646
0.6200741
0.98839885
0.8059428
0.9068015
0.9957534
0.9375844
0.92718226
0.9717675
0.9519071
0.9675404
0.9612985
0.91802573
0.49460164
0.5532636
0.9597885
0.6890719
0.98843783
0.9540891
0.8381944
0.99177027
0.99671954
0.7062184
0.9059294
0.9242757
0.2931668
0.95396703
0.7239055
0.9801002
0.9668555
0.95850265
0.95831585
0.7616395
0.07245143
0.88052267
0.9604735
0.9855439
0.9260522
0.79653835
0.9691656
0.97466236
0.6249071
0.91293013
0.9524917
0.9637924
0.94108576
0.9513198
0.83691597
0.24339354
0.9710215
0.49862266
0.97731805
0.8261251
0.9543827
0.13943397
0.90877473
0.25816873
0.98207134
0.91759586
0.975943
0.9599362
0.9751429
0.9365933
0.9837939
0.91424555
0.29843202
0.9471409
0.9874241
0.78707653
0.89452904
0.692234
0.9916856
0.51543707
0.98274165
0.9759409
0.65081793
0.37153524
0.9385941
0.7516968
0.9789786
0.84774876
0.9293733
0.8465452
0.93090457
0.7170533
0.9739677
0.95005536
0.9161472
0.9860449
0.9564459
0.987772
0.84649366
0.9121836
0.658777
0.96364427
0.9146834
0.9028961
0.6219313
0.96157223
0.12017595
0.7541041
0.8985259
0.8596993
0.94402987
0.9160406
0.77440906
0.9727453
0.9585244
0.9649347
0.5529733
0.8763728
0.96092707
0.8836529
0.9861691
0.84079397
0.9440912
0.9722126
0.9796259
0.9672879
0.87981135
0.95707226
0.97200656
0.79113024
0.9693998
0.9781667
0.96313787
0.78898555
0.98294824
0.5918096
0.7254355
0.7449546
0.7818977
0.60935336
0.9322601
0.9583987
0.72132236
0.8858966
0.7909865
0.45005986
0.6971237
0.7524816
0.9819064
0.8702819
0.9567346
0.97365403
0.94534653
0.9826164
0.9741523
0.70580006
0.946325
0.87331265
0.88913345
0.974293
0.9850161
0.6798082
0.8924559
0.990794
0.98644453
0.9850894
0.854057
0.99503136
0.12982246
0.99326587
0.9792022
0.9248479
0.98991615
0.9885025
0.9485147
0.4032627
0.8974007
0.9189643
0.9857224
0.9764964
0.94940484
0.9637078
0.44707015
0.88765633
0.9824853
0.98543525
0.99556255
0.8389464
0.85075486
0.9895968
0.9466334
0.9610984
0.6918874
0.9520629
0.9499367
0.96348983
0.80042857
0.741369
0.40153256
0.7678731
0.91294223
0.6625146
0.9703377
0.6096119
0.9794958
0.8474146
0.8819727
0.9851142
0.9861935
0.2865189
0.9848659
0.20628504
0.7034897
0.95356894
0.7885156
0.429561
0.9412595
0.86150336
0.9742424
0.94974184
0.9509236
0.9447849
0.24826053
0.98454744
0.8003815
0.86788064
0.9327896
0.08756934
0.6749937
0.9853698
0.86179084
0.97451967
0.96326447
0.9594604
0.8679436
0.9819987
0.49139115
0.9624458
0.91671664
0.8270573
0.7036948
0.97791654
0.77251434
0.9900642
0.44032377
0.5762886
0.9574957
0.9693914
0.7686251
0.90233386
0.95691144
0.5635325
0.98504883
0.7885725
0.930886
0.9717481
0.83881056
0.97839636
0.5126925
0.9734247
0.9696079
0.6908349
0.72974026
0.95020646
0.9918494
0.108423606
0.98066884
0.90915316
0.5823849
0.9842869
0.86506146
0.9204634
0.9014189
0.8590205
0.9813308
0.25936073
0.9603655
0.47014388
0.81932706
0.9739618
0.9880062
0.5178052
0.9213313
0.45590776
0.96416813
0.22680607
0.9280948
0.50552565
0.25218767
0.9753411
0.92064977
0.9896387
0.98640335
0.97223425
0.9598723
0.46833825
0.60551393
0.95895135
0.9636593
0.5674638
0.94368666
0.98668194
0.87590134
0.7207754
0.9613839
0.8249181
0.7184739
0.977571
0.97530603
0.89069855
0.7701236
0.85136145
0.83572793
0.4237739
0.9734229
0.9620837
0.7543426
0.48385713
0.5949627
0.95835876
0.9662209
0.22844458
0.7343553
0.0645083
0.95340854
0.846796
0.968388
0.96663785
0.82197315
0.989861
0.9854828
0.93668467
0.71866167
0.7611627
0.81462896
0.9571647
0.3961723
0.62276804
0.9716162
0.9569711
0.9787143
0.9565379
0.93601054
0.9822534
0.9472245
0.6876085
0.41837192
0.5665944
0.9725744
0.6852296
0.97448266
0.9770173
0.9210285
0.98245
0.97031367
0.89516354
0.96402955
0.9024488
0.94215816
0.98027325
0.9820401
0.9476318
0.94642395
0.81499845
0.9531298
0.9060698
0.9810368
0.23514168
0.9939084
0.5863684
0.956739
0.8313381
0.47824082
0.15984544
0.98822135
0.9362694
0.7497977
0.325227
0.5874824
0.9811967
0.3144965
0.904144
0.9607817
0.36712494
0.98796785
0.36195618
0.93130934
0.98511326
0.9878106
0.7603659
0.98724085
0.8438958
0.85752535
0.976438
0.8873237
0.7792911
0.6417393
0.93895006
0.96402574
0.5119423
0.8384242
0.9703432
0.9295007
0.9581591
0.75367373
0.9893572
0.9802201
0.8556063
0.9601971
0.916416
0.9440042
0.97292024
0.5826755
0.88839185
0.9807701
0.9712106
0.6438695
0.9422369
0.93278974
0.6390686
0.9189127
0.61441505
0.9237315
0.9230655
0.9640602
0.89772934
0.50045794
0.88458824
0.36636347
0.9833867
0.9864283
0.97815186
0.94741845
0.90663964
0.80982363
0.91365486
0.9087708
0.9056848
0.48933825
0.9283189
0.9840551
0.98956597
0.9274711
0.9871537
0.90736586
0.97434187
0.4099863
0.93382406
0.9698014
0.9721647
0.8960418
0.99378383
0.9747936
0.97903454
0.92870927
0.67510045
0.9233665
0.96661425
0.9822781
0.9967007
0.96023816
0.80740535
0.70582056
0.7206012
0.98511535
0.8303255
0.86912817
0.8310757
0.85985315
0.91055185
0.916067
0.932858
0.8223474
0.9114252
0.9833875
0.98001647
0.9797329
0.9557125
0.98070574
0.9844685
0.9440319
0.9396402
0.98789984
0.9876481
0.9100354
0.984245
0.9037337
0.9122035
0.2965379
0.8876811
0.979932
0.97976947
0.41348934
0.54991525
0.94522005
0.9776045
0.61582094
0.8078464
0.57184833
0.9054056
0.7530739
0.85887647
0.97410995
0.67201453
0.9878565
0.9820577
0.9609131
0.8750076
0.8540496
0.9379894
0.97555
0.75613374
0.8767616
0.740699
0.7101437
0.97268844
0.9778243
0.79298
0.9723626
0.96443975
0.9836091
0.95903194
0.9007056
0.96220046
0.9126957
0.7893336
0.5275546
0.9876353
0.36082897
0.9693788
0.94662505
0.5946473
0.9681683
0.9878059
0.95611274
0.9800346
0.98936486
0.9529057
0.97506523
0.5452108
0.73681206
0.96096826
0.9820582
0.70559627
0.8220962
0.9077087
0.0023254137
0.97309417
0.97389597
0.91318023
0.95916295
0.97136027
0.934046
0.8509221
0.9487108
0.71889603
0.8397469
0.9497045
0.9577264
0.9641013
0.68647707
0.98109573
0.9621687
0.6249588
0.9280984
0.9758458
0.99327093
0.9801523
0.9927752
0.85797703
0.51028484
0.6447359
0.9855349
0.6120761
0.9461506
0.984639
0.97560173
0.9855816
0.99227154
0.81228477
0.9917691
0.5443456
0.982704
0.9853461
0.905808
0.91661716
0.43066287
0.99087405
0.9846789
0.9850995
0.9898471
0.95060605
0.92008567
0.97713894
0.9940708
0.9444957
0.93006325
0.87401307
0.9602185
0.9911752
0.961658
0.93999
0.4542087
0.5571471
0.7442699
0.9213191
0.9632554
0.927641
0.625129
0.90926903
0.010282617
0.8869631
0.98710084
0.94133544
0.7659453
0.98812383
0.96054536
0.39707425
0.96347094
0.9690908
0.30650148
0.98629075
0.91337466
0.42524132
0.94639236
0.9800363
0.95651215
0.9105423
0.9586998
0.8249594
0.78781873
0.6450605
0.13953495
0.99423367
0.89876425
0.9398985
0.97126925
0.98670304
0.87012917
0.67380136
0.9555548
0.78245497
0.9495508
0.07396519
0.5419515
0.9439439
0.9914097
0.9194947
0.3611439
0.97670734
0.7555803
0.7312544
0.98143125
0.9426437
0.9945661
0.7737167
0.94198877
0.94689906
0.7288111
0.925165
0.6023134
0.96999985
0.9334196
0.968634
0.982346
0.6649114
0.79696757
0.4795621
0.9677046
0.92509717
0.94245285
0.98258466
0.9584042
0.47860903
0.8678989
0.9845295
0.81772405
0.9930615
0.9536931
0.9683926
0.9661962
0.7691541
0.97080404
0.8273699
0.7406922
0.8575344
0.8657925
0.97090447
0.9840068
0.9892491
0.9801406
0.9807546
0.93809587
0.98450804
0.9863148
0.535782
0.23410922
0.5943596
0.9719758
0.97841483
0.9032211
0.9737603
0.820899
0.14080733
0.9514386
0.98965305
0.7415467
0.54747456
0.6625658
0.97488415
0.94218355
0.97933847
0.9173141
0.9731592
0.9836066
0.9940632
0.9381762
0.7984252
0.61133355
0.4534952
0.9548878
0.7894812
0.9834871
0.9668531
0.9322021
0.9663798
0.99368817
0.824037
0.99213684
0.91770077
0.8850914
0.13867569
0.95966125
0.8313592
0.9514905
0.99173146
0.755145
0.9739826
0.8246584
0.98538536
0.9467975
0.97309226
0.9878612
0.31031102
0.91275865
0.9644795
0.92146873
0.94631344
0.18986732
0.8973523
0.704405
0.8718726
0.8458404
0.8706035
0.9352284
0.7708831
0.94991183
0.9844222
0.87500864
0.98209363
0.5138421
0.9926158
0.897583
0.9593144
0.9577386
0.95352405
0.9212037
0.97711927
0.79339504
0.6570037
0.9781632
0.56771255
0.98220474
0.3611675
0.9954059
0.40252984
0.9712228
0.90413684
0.95116115
0.9743584
0.65834194
0.965985
0.9751101
0.73793554
0.90742826
0.850921
0.91910684
0.36159986
0.8695052
0.9208269
0.8517872
0.24814114
0.60893446
0.14910711
0.9416221
0.96116525
0.945194
0.43674603
0.9410707
0.56115115
0.95314246
0.9322244
0.68340135
0.9052048
0.9889958
0.96046597
0.99055594
0.4710857
0.8623219
0.9928774
0.97755927
0.93839455
0.98867947
0.80732834
0.919293
0.8884639
0.74035543
0.86645955
0.97808754
0.8518387
0.69476706
0.72810173
0.878187
0.9895762
0.9119504
0.32132334
0.9896774
0.9463216
0.90501046
0.6340448
0.9809809
0.565031
0.9510284
0.8142872
0.974006
0.92655975
0.9002984
0.9906563
0.940482
0.96610194
0.8804097
0.92269987
0.39501217
0.9646757
0.41572264
0.41927576
0.9486986
0.96119034
0.92984366
0.971547
0.9832599
0.9001962
0.5751691
0.9949944
0.66256917
0.2309093
0.851513
0.96959597
0.9769539
0.9786677
0.9828719
0.797562
0.67266375
0.9331763
0.8663868
0.933341
0.95381194
0.93815964
0.6693026
0.58577365
0.93119854
0.98102665
0.7555795
0.84778786
0.68534434
0.9856287
0.944932
0.42793962
0.5512956
0.9783223
0.96648896
0.97306675
0.993038
0.9972395
0.90879
0.89028436
0.9829691
0.25660267
0.99082714
0.9479157
0.98118204
0.92959297
0.98968214
0.47961947
0.846449
0.9513572
0.22447132
0.9858074
0.8854496
0.9790122
0.9748072
0.93326336
0.92685646
0.95991236
0.54058754
0.97724074
0.9442643
0.8254992
0.87053055
0.9438559
0.9800843
0.8492123
0.6303429
0.98780835
0.9187707
0.7692447
0.988815
0.97792405
0.5710775
0.99600166
0.55667573
0.97166145
0.5767655
0.8053873
0.92755777
0.8817692
0.9532132
0.90589565
0.9494355
0.85029376
0.97709537
0.98403186
0.88115096
0.97451663
0.9148287
0.7678646
0.9371134
0.9828833
0.91081876
0.88478446
0.96019286
0.90132886
0.48336077
0.940282
0.9679349
0.7283889
0.87275183
0.8478351
0.9458764
0.61266303
0.98868775
0.98089576
0.6474389
0.8844496
0.9666131
0.94677806
0.9735801
0.9395738
0.6903482
0.99368894
0.6729981
0.97465026
0.8994776
0.87222886
0.8003208
0.98342043
0.9900359
0.65840375
0.9272481
0.6722608
0.9846889
0.7419454
0.31765854
0.810719
0.79800785
0.90223217
0.9498911
0.7266316
0.53591293
0.9723064
0.9810013
0.756323
0.9705183
0.26941684
0.9207006
0.90889716
0.9397724
0.8571957
0.9721419
0.97280145
0.8399273
0.93860996
0.96711797
0.85499454
0.4797238
0.8601638
0.83082515
0.9767135
0.8583338
0.8985125
0.8057738
0.9592362
0.9580339
0.9696713
0.7245669
0.7164373
0.989931
0.9543733
0.39339048
0.7663851
0.9365684
0.9199517
0.733832
0.98171806
0.9846827
0.71462035
0.9805627
0.48230147
0.9514379
0.6658009
0.9874072
0.93745124
0.94031566
0.8558089
0.99040157
0.8013916
0.9923016
0.74542123
0.9179397
0.97937006
0.9920006
0.96002704
0.99080503
0.7143489
0.89025503
0.94905907
0.61782056
0.8454276
0.87668175
0.92900157
0.71246135
0.97149783
0.9204038
0.91182584
0.90950495
0.9808204
0.79812807
0.8125037
0.83951324
0.97341996
0.9784647
0.9857816
0.9905592
0.9752543
0.9701994
0.97944665
0.952681
0.96235204
0.40766892
0.84914297
0.83702785
0.97375655
0.77112997
0.46823165
0.76185983
0.93181723
0.96068794
0.9294458
0.7543181
0.9659788
0.8585109
0.98451996
0.9334995
0.9797743
0.90674275
0.9681959
0.9857237
0.3861586
0.57314545
0.9834109
0.6407671
0.9766035
0.53864324
0.9839288
0.116416216
0.97896564
0.98615277
0.97983927
0.77440196
0.9174801
0.9797655
0.9540887
0.94861007
0.8579208
0.94572765
0.8420766
0.68492836
0.965291
0.9035071
0.7699379
0.5958265
0.76656014
0.96898615
0.8034995
0.9875301
0.9691853
0.95139676
0.870631
0.8767275
0.9535518
0.918198
0.6398511
0.8935952
0.9870092
0.9673181
0.98024094
0.82566136
0.76466215
0.96724206
0.9923213
0.84050846
0.81112814
0.9650405
0.98524076
0.9754866
0.9315184
0.8688453
0.8728942
0.97833985
0.9927608
0.4603987
0.99123424
0.93469965
0.78919065
0.9460138
0.92511755
0.93050224
0.8546116
0.9633451
0.9781522
0.92910916
0.8175905
0.37577948
0.17099372
0.7523946
0.98520976
0.97355384
0.9777991
0.34826276
0.7381215
0.99518836
0.73296845
0.8768308
0.76076156
0.982844
0.98000115
0.401017
0.9427985
0.92752177
0.99033374
0.8998696
0.9715669
0.97894555
0.8975519
0.8081822
0.93143284
0.9528758
0.80514914
0.9429391
0.7990079
0.6238475
0.6167054
0.83456206
0.9656694
0.9053642
0.9562602
0.53080255
0.93835086
0.93924254
0.38443977
0.98057437
0.61650306
0.7811192
0.9902546
0.9809787
0.9946233
0.9891192
0.8024209
0.9597875
0.9787223
0.9841777
0.9884985
0.98490256
0.83001506
0.8541648
0.9492526
0.9921118
0.96678615
0.37164062
0.92167616
0.50678504
0.95972604
0.8474121
0.7821794
0.6788834
0.9903363
0.82068837
0.62331086
0.52505404
0.99200493
0.99323106
0.945246
0.7689713
0.6222203
0.939588
0.698319
0.90628713
0.9502058
0.70484906
0.73949903
0.93210536
0.46747944
0.9491456
0.6478594
0.99338573
0.9709228
0.9252941
0.98683447
0.663109
0.9653266
0.91886723
0.975447
0.3259244
0.90387607
0.9373149
0.9177598
0.6289371
0.14714104
0.9887622
0.9265169
0.9054826
0.9834932
0.70391107
0.98633367
0.43106255
0.24041548
0.9504712
0.8996983
0.22408822
0.7348661
0.878326
0.7975029
0.38258642
0.5989061
0.9222641
0.98234403
0.40623498
0.5261426
0.9817297
0.8960892
0.98292416
0.8015328
0.9737289
0.95164156
0.8598425
0.980871
0.9902621
0.9781396
0.09329967
0.5125404
0.9904828
0.40344968
0.43942088
0.93920404
0.6767626
0.8710685
0.9488583
0.96299785
0.68040097
0.98185056
0.99357784
0.9677518
0.89257354
0.97785425
0.5431976
0.7565134
0.9582427
0.9845932
0.93835896
0.99679464
0.9665912
0.886729
0.8243956
0.8591266
0.9658829
0.793787
0.91322994
0.8330551
0.9475154
0.98190814
0.99283725
0.9642682
0.87810147
0.8621976
0.9904434
0.96121335
0.5768798
0.92228323
0.91139096
0.81442046
0.9565542
0.93039894
0.9900198
0.96609247
0.97170955
0.7639864
0.9571249
0.9853991
0.8453103
0.8222385
0.8689487
0.96656036
0.9828841
0.9894147
0.9885799
0.9831403
0.5277189
0.8762198
0.87917495
0.6474771
0.68045616
0.77973527
0.9907418
0.9855661
0.9707143
0.9184354
0.9379813
0.8949255
0.9889776
0.8086311
0.9500346
0.9725089
0.029955411
0.9930225
0.96762645
0.92995346
0.6759725
0.89004505
0.59200686
0.9526514
0.98843646
0.87330997
0.93277884
0.76395535
0.97743636
0.9481367
0.29368523
0.9146851
0.9392808
0.9197546
0.5712538
0.9592397
0.9747662
0.9771985
0.7439899
0.9638605
0.93196326
0.46909335
0.9696158
0.962248
0.4547043
0.8385249
0.98366517
0.80386996
0.09870905
0.8943072
0.5827272
0.7284805
0.3506579
0.7946518
0.8334305
0.9750582
0.906179
0.02025085
0.9274943
0.94772923
0.9851077
0.7837443
0.9133125
0.55735236
0.95998466
0.97897506
0.6491974
0.9822375
0.7892216
0.9708964
0.9662084
0.9558002
0.973711
0.9682404
0.9735816
0.9085077
0.91267365
0.9440103
0.8589779
0.8600966
0.9431304
0.9835159
0.9886873
0.9959709
0.96450615
0.7306276
0.9084981
0.8630341
0.47150087
0.9431853
0.9282668
0.9274661
0.8357526
0.15537587
0.899067
0.9758223
0.842242
0.9871272
0.90167975
0.22881144
0.89548063
0.8255283
0.98755753
0.9542394
0.97870034
0.86127937
0.56540954
0.9349168
0.9835796
0.904322
0.10069431
0.96997815
0.9347055
0.9947655
0.98745686
0.5037438
0.93128836
0.9613645
0.98417217
0.8264377
0.9867029
0.91535
0.9750165
0.95959044
0.941993
0.9051042
0.9176898
0.97995514
0.597498
0.7734774
0.9549211
0.8653211
0.95627695
0.9807077
0.9118158
0.7070548
0.992492
0.78444767
0.07977468
0.9498011
0.9179561
0.55617124
0.5853457
0.94367486
0.6078919
0.21711037
0.9349127
0.29521722
0.931187
0.6653871
0.4903354
0.97806084
0.9907053
0.98717517
0.95032024
0.67953014
0.66298026
0.937489
0.7245683
0.9487534
0.8616884
0.95459896
0.99712354
0.97063196
0.96673256
0.95784193
0.9747487
0.87972784
0.9818158
0.9811018
0.9639986
0.95799613
0.96620417
0.96328264
0.98215425
0.964644
0.85427403
0.9612028
0.9646466
0.6198835
0.9777304
0.8890963
0.9481786
0.97228765
0.9116929
0.9913635
0.9769881
0.82995784
0.97838026
0.9356046
0.9135147
0.9317608
0.8104132
0.91140914
0.82145995
0.8897816
0.9261201
0.971832
0.9949262
0.9150449
0.95970285
0.917979
0.98822254
0.9769677
0.3778288
0.9914532
0.97207636
0.4090623
0.4592034
0.9737104
0.9535749
0.99304384
0.9627323
0.76306313
0.9573839
0.70326304
0.9056156
0.6174783
0.8782614
0.88911605
0.80574733
0.9911849
0.79384726
0.6104371
0.9715199
0.8989033
0.9880745
0.9606831
0.9503742
0.23099889
0.90896815
0.6792718
0.96254253
0.7329584
0.9520095
0.74177223
0.98870325
0.7607002
0.06791675
0.9836135
0.9247063
0.9215322
0.9881346
0.9874894
0.9616827
0.9399438
0.7899269
0.44824454
0.9641863
0.6622064
0.988971
0.96564883
0.8827716
0.9031572
0.59777164
0.9076861
0.9033542
0.76427466
0.91704893
0.97477925
0.84325373
0.88357586
0.98053426
0.98496467
0.9023856
0.9692886
0.54403114
0.91061985
0.9444119
0.7709798
0.8239443
0.8551534
0.92971426
0.98927593
0.97487813
0.9881209
0.56836784
0.94048417
0.945112
0.7803712
0.9320345
0.48840564
0.9525805
0.54143775
0.98893434
0.97522724
0.9845114
0.9880965
0.96715474
0.9791347
0.9164646
0.5863461
0.9223449
0.98250824
0.9712228
0.9324673
0.9846423
0.6928247
0.6794819
0.98647946
0.5499856
0.88335264
0.9804695
0.92442137
0.838205
0.9608723
0.9127795
0.96531296
0.81631577
0.94263947
0.9946977
0.9455116
0.7009431
0.98681265
0.8010958
0.3228116
0.35898355
0.49374458
0.9257139
0.94482
0.9690276
0.9832012
0.9776628
0.9566772
0.92302537
0.6146384
0.9119184
0.9374114
0.9798758
0.9840403
0.7015403
0.9885909
0.7204852
0.76742786
0.954555
0.9217349
0.98114705
0.97848284
0.97175074
0.9621884
0.9523566
0.866006
0.93764883
0.9505811
0.49823055
0.9862614
0.9555885
0.69239
0.7337351
0.9849776
0.9915193
0.9399239
0.56691396
0.9583861
0.9623382
0.9494935
0.06815869
0.5463989
0.9490111
0.9052905
0.77739817
0.9719623
0.9587623
0.6809756
0.9899368
0.7236119
0.862866
0.47731552
0.95893294
0.30120626
0.6546215
0.99072003
0.83275133
0.9928945
0.8311456
0.98092103
0.93214977
0.64000666
0.97572756
0.9440502
0.9742004
0.9657237
0.7781925
0.9249587
0.63110316
0.344091
0.28156078
0.99451655
0.8364463
0.9310275
0.9693936
0.41588655
0.88318485
0.81769615
0.9361405
0.58256847
0.715328
0.96944225
0.97963196
0.96277285
0.91433436
0.77268696
0.7427357
0.9905641
0.9913936
0.64243835
0.5862262
0.97076327
0.21496677
0.97800523
0.9595646
0.84287924
0.50799453
0.81790084
0.9820988
0.86274594
0.9860189
0.97276163
0.81697154
0.88001674
0.89757824
0.8831589
0.9604399
0.83127123
0.98846465
0.9292653
0.9822797
0.9229691
0.5145218
0.9755137
0.9646467
0.42363408
0.9794607
0.92177755
0.5085316
0.76699454
0.82938796
0.8848812
0.33114004
0.9843386
0.2705369
0.91661465
0.8263788
0.9128419
0.9848142
0.9732208
0.7218799
0.78450114
0.9597059
0.9349642
0.9670532
0.9815948
0.9847772
0.9495883
0.8874689
0.99011874
0.8303659
0.43550506
0.33186686
0.960281
0.8944251
0.9227744
0.77521044
0.9796736
0.86191785
0.70248073
0.5273986
0.9843402
0.9201778
0.74394345
0.5255322
0.98509926
0.9944206
0.7658499
0.9277962
0.8951689
0.9908597
0.7847366
0.81533456
0.9891452
0.974049
0.9818702
0.97500926
0.95773965
0.617502
0.9779849
0.87340695
0.9805226
0.875005
0.84520286
0.65851814
0.8357626
0.9082329
0.697767
0.7933768
0.9725801
0.9862541
0.98013216
0.6168214
0.4242488
0.9520858
0.96930456
0.7499589
0.9320775
0.7798134
0.9410808
0.97875684
0.9026426
0.8753186
0.84610975
0.98612887
0.93774563
0.9697101
0.6825351
0.99333984
0.7234477
0.9800323
0.90708256
0.9646753
0.70392126
0.52099174
0.83932996
0.17246237
0.9582409
0.7244356
0.9817115
0.99567163
0.96523863
0.70891374
0.36472392
0.8900019
0.267332
0.9389216
0.26443154
0.6647265
0.83422136
0.89455634
0.8384317
0.9104784
0.8378146
0.6774001
0.8136636
0.9590996
0.87379843
0.93992394
0.92880356
0.8429328
0.43156916
0.87886554
0.9347282
0.96552604
0.9444618
0.9551182
0.49805507
0.984852
0.9629906
0.42970476
0.914184
0.8728371
0.94503385
0.83852816
0.98654234
0.92913574
0.9334107
0.96991247
0.97831285
0.91342235
0.6669981
0.85869414
0.44451603
0.9376897
0.71936715
0.8885239
0.9243756
0.8211908
0.9527835
0.88927364
0.99269
0.5700617
0.92792773
0.99355304
0.9801437
0.957502
0.8052307
0.9876139
0.9570505
0.9864456
0.97730005
0.43695965
0.9102738
0.8159105
0.8845755
0.10397544
0.98813266
0.9709781
0.93981856
0.9745506
0.98207194
0.9843089
0.93716604
0.9866701
0.686749
0.898508
0.52539265
0.8123871
0.9637223
0.96524787
0.852241
0.98772776
0.9642936
0.63482153
0.97981995
0.9187056
0.9882903
0.7374508
0.7918758
0.9557737
0.885618
0.9752085
0.9406706
0.9330367
0.971779
0.88352746
0.95599526
0.91359806
0.93313557
0.943419
0.86841
0.68631405
0.9817054
0.98589534
0.92102903
0.963488
0.8797437
0.9109881
0.97255933
0.989488
0.97755444
0.6382915
0.7035242
0.9759193
0.49287742
0.93264675
0.8126355
0.985137
0.9781383
0.17231925
0.9909123
0.9355213
0.9742415
0.8306077
0.95143294
0.99003345
0.9673249
0.67108756
0.9400922
0.9823015
0.98786795
0.8004059
0.95282334
0.36404017
0.9196936
0.98336595
0.95696807
0.85483795
0.9741864
0.9416737
0.9915343
0.6240405
0.95499086
0.9842827
0.9919012
0.9802296
0.50435776
0.86917996
0.9871185
0.9851622
0.9632544
0.9887096
0.8229733
0.9826083
0.932128
0.87107676
0.88546354
0.89590704
0.9408278
0.9052897
0.6303301
0.9680176
0.6761622
0.4817256
0.49316415
0.45836192
0.83394945
0.9836105
0.99107075
0.92194897
0.97207683
0.53599375
0.92467546
0.91669697
0.9882571
0.9600937
0.9623824
0.9570802
0.9160003
0.95709497
0.78873026
0.8113209
0.87415373
0.8033621
0.9143986
0.9850235
0.19747165
0.9784163
0.9653387
0.95303506
0.95788807
0.97806054
0.8374537
0.873063
0.85177445
0.98828596
0.92475694
0.9865253
0.9908049
0.9766442
0.96994543
0.843121
0.8677256
0.98872024
0.91833377
0.983521
0.7696456
0.9739865
0.979293
0.5259883
0.9909423
0.9897684
0.9491385
0.44603127
0.86558497
0.83061916
0.8797731
0.98488116
0.9360204
0.9607148
0.5274747
0.9508183
0.87149054
0.92093045
0.66108614
0.8933754
0.94436264
0.8905727
0.9152553
0.9571954
0.9797877
0.87821597
0.8819027
0.53496134
0.64510345
0.9915581
0.7786805
0.90397394
0.9496384
0.7148352
0.60210395
0.39959875
0.97438043
0.8716431
0.8575292
0.969283
0.9715632
0.7964088
0.8196551
0.98847103
0.17218639
0.9526543
0.8622497
0.98153025
0.765668
0.5897956
0.82198244
0.8885736
0.7967618
0.94591653
0.8678402
0.9651829
0.9826392
0.9663933
0.9440468
0.98770577
0.95779455
0.9930686
0.88832676
0.77701765
0.96051556
0.8618533
0.6571743
0.6620385
0.9025429
0.92858905
0.93693304
0.7455749
0.9875349
0.9879688
0.77742064
0.7078596
0.93373156
0.77429396
0.88871205
0.9305454
0.89872825
0.9837569
0.98045266
0.85460484
0.85037
0.94565123
0.095051825
0.8528962
0.983895
0.9623699
0.3808848
0.97758627
0.9421641
0.6799271
0.9872684
0.94701517
0.9051384
0.9102546
0.91356003
0.9903656
0.9566237
0.9778061
0.45139572
0.9279949
0.43588716
0.90378416
0.9669515
0.7498838
0.7096917
0.8441426
0.9727624
0.6120804
0.96978486
0.7788843
0.9843113
0.9402516
0.92644024
0.9798217
0.9888763
0.9383859
0.9945649
0.9784405
0.9629228
0.96366394
0.9761869
0.7788757
0.98911536
0.57931674
0.91157496
0.7601995
0.7799308
0.9505712
0.94425315
0.35981527
0.057863604
0.8014602
0.925262
0.98131186
0.9580144
0.12009518
0.6786134
0.00306122
0.9893188
0.939819
0.95617497
0.9033922
0.9467756
0.9065809
0.9849022
0.8602912
0.9468735
0.70252955
0.920013
0.98682994
0.8766101
0.85152185
0.9822072
0.9800996
0.94600004
0.96337795
0.96849656
0.9688738
0.8573917
0.982831
0.9813022
0.88668346
0.94921726
0.52589446
0.9776054
0.9648215
0.98165715
0.14778621
0.9381073
0.9841329
0.70185536
0.97189665
0.9798763
0.9772613
0.9754268
0.9050424
0.9899678
0.94180053
0.89866644
0.9860308
0.9209083
0.9753381
0.8886955
0.95304525
0.98687834
0.97742677
0.6111151
0.98575914
0.9871634
0.8780733
0.23309925
0.9921062
0.9633411
0.94302815
0.7229794
0.9853953
0.8960072
0.98491836
0.71468
0.66111904
0.97665787
0.9687788
0.14794546
0.8880284
0.8451642
0.96363395
0.97135365
0.68531007
0.9265917
0.95315254
0.70595276
0.87596583
0.88048416
0.7953436
0.7234069
0.9431345
0.9928839
0.33661616
0.97169995
0.41963372
0.9663688
0.96087766
0.96292645
0.9876254
0.945199
0.9731575
0.7223073
0.9371599
0.97702503
0.89745885
0.96241486
0.91584677
0.9902783
0.96050733
0.8479379
0.96143335
0.9862607
0.45076647
0.96958387
0.9901052
0.98624647
0.789091
0.9408103
0.7753518
0.10288714
0.91474134
0.982563
0.95953995
0.95281404
0.971411
0.7362031
0.9629924
0.41593817
0.9704936
0.9373145
0.1618682
0.9718089
0.9708926
0.99014926
0.9966834
0.76574737
0.8796427
0.9072915
0.91293985
0.543292
0.97546273
0.98190296
0.83064103
0.8663085
0.9276976
0.9827024
0.98708993
0.8093277
0.57518995
0.63877505
0.9726964
0.29659116
0.970722
0.9211079
0.95473695
0.9573154
0.58386797
0.99265164
0.31044587
0.8953233
0.9537291
0.94920194
0.95641077
0.95470554
0.76344454
0.9640888
0.9654705
0.98552066
0.29486147
0.733783
0.9368898
0.8167208
0.9761012
0.9747711
0.8346838
0.8015374
0.97849613
0.90302575
0.9835386
0.9871609
0.8779675
0.9404459
0.4989991
0.962902
0.9620658
0.3592055
0.36109468
0.9277409
0.9294709
0.6120943
0.8857805
0.89766127
0.99592364
0.3775422
0.9134498
0.9363729
0.8688303
0.86180055
0.9856359
0.98380846
0.982463
0.8849104
0.96191126
0.9336693
0.83278704
0.59510183
0.697409
0.9443534
0.96637917
0.9809053
0.6592896
0.96089184
0.975393
0.8623196
0.989045
0.98002017
0.97951734
0.73693204
0.9887722
0.9710231
0.98581856
0.95279485
0.9506354
0.7961641
0.27607685
0.8893325
0.975072
0.52544963
0.89447284
0.97775716
0.9844602
0.9745086
0.94412327
0.94749606
0.9155602
0.8910658
0.97561854
0.89999765
0.8461183
0.9857679
0.86992794
0.8292668
0.9898324
0.97520643
0.8253768
0.9511186
0.94896257
0.6674333
0.74345344
0.76397437
0.93056923
0.90928227
0.9045454
0.81883067
0.8948017
0.9038412
0.3974181
0.86273855
0.8170363
0.5999217
0.7608038
0.92795473
0.98412585
0.9554863
0.3823068
0.9715035
0.96648395
0.98604465
0.33701017
0.99400604
0.9027435
0.9406337
0.76131153
0.9221053
0.9154814
0.98851573
0.8582132
0.69339925
0.95697606
0.93022805
0.97036225
0.9645514
0.9663816
0.8657053
0.7190441
0.98441225
0.8391185
0.95510143
0.6242852
0.96727777
0.9347752
0.8259114
0.21548428
0.9088607
0.9852909
0.98911124
0.9043245
0.9492726
0.7754654
0.98290306
0.9694886
0.94195867
0.9808858
0.9795669
0.9195561
0.83204395
0.8588106
0.27731368
0.94137347
0.9764005
0.6777271
0.88344145
0.67590463
0.97209984
0.9345099
0.98450017
0.94906384
0.9828432
0.9875858
0.9850455
0.8306947
0.74963474
0.68730867
0.7578509
0.98136044
0.9813976
0.8455416
0.9934668
0.9281951
0.65148157
0.98028404
0.96289486
0.99100566
0.84127754
0.9709963
0.9696417
0.94252795
0.9691658
0.66988325
0.8384832
0.98660755
0.9850664
0.86354846
0.9391764
0.9771184
0.9870912
0.35204184
0.47495675
0.8304604
0.46585748
0.91562676
0.9745642
0.94826573
0.91308355
0.4237443
0.88329756
0.829981
0.9569115
0.93224114
0.98200834
0.873588
0.98121923
0.2997467
0.6662728
0.98646975
0.9835878
0.20428127
0.40477347
0.9567875
0.9157687
0.9483814
0.9780121
0.7411923
0.4920889
0.98036695
0.8611399
0.89638704
0.924601
0.9899895
0.37320194
0.952542
0.5607195
0.9538747
0.8939624
0.926815
0.97651196
0.9565216
0.75623316
0.9458059
0.9767007
0.888621
0.92057186
0.936127
0.98535985
0.70435804
0.56670856
0.8090237
0.8033797
0.9523061
0.9404806
0.98472995
0.87299347
0.6332587
0.1902209
0.94450796
0.90328807
0.8494584
0.96751225
0.99319494
0.4659923
0.83373374
0.9803756
0.585369
0.26162446
0.6796527
0.98767996
0.93755466
0.9933761
0.9926042
0.9215053
0.6455267
0.9162308
0.92635393
0.2373723
0.9334283
0.6378448
0.565148
0.97153926
0.7475894
0.9517939
0.8309735
0.95281476
0.6953772
0.73051965
0.9811643
0.29360548
0.42821795
0.905328
0.94656014
0.9747274
0.870064
0.98576176
0.98800665
0.8745395
0.9280586
0.9930561
0.45928988
0.6454266
0.98346174
0.52605504
0.92316294
0.6072378
0.25466707
0.9603496
0.9806456
0.213189
0.93966633
0.9798678
0.98402435
0.97411853
0.8923654
0.91989076
0.98443395
0.92805094
0.9810999
0.07884418
0.946993
0.95995235
0.4581478
0.8356312
0.95907545
0.6979606
0.5185607
0.93073803
0.3082121
0.92427695
0.36166131
0.14453904
0.8126594
0.12963833
0.8344997
0.9593003
0.44963273
0.3811745
0.9215628
0.4377586
0.9497353
0.97555065
0.83434767
0.8014964
0.88475543
0.8135903
0.78872603
0.7347895
0.99171585
0.95154893
0.9851008
0.9171721
0.7725362
0.7641402
0.8415841
0.98798823
0.9907137
0.9264992
0.03535909
0.8522438
0.954625
0.29635423
0.5489654
0.51123595
0.6298585
0.46012232
0.9893645
0.96617895
0.98789316
0.865107
0.9901703
0.503593
0.6460193
0.98348
0.98270273
0.58595586
0.9764741
0.97726953
0.19843881
0.9896102
0.8014969
0.57196665
0.8799887
0.9709445
0.98888564
0.7740059
0.89669424
0.36399993
0.8059399
0.9304878
0.9326974
0.8998487
0.91697836
0.9830867
0.0046149488
0.97794807
0.93515325
0.49890792
0.8301962
0.37599477
0.89692724
0.9340703
0.9856655
0.7367322
0.9226315
0.9842683
0.9500017
0.9694979
0.258544
0.61695796
0.97170335
0.5166509
0.9250195
0.896601
0.98391324
0.89012885
0.90339404
0.75171256
0.75248224
0.9788719
0.32077584
0.4956994
0.9570336
0.9781749
0.950089
0.9878015
0.989153
0.5867241
0.15969092
0.9452544
0.94535184
0.91849285
0.7973817
0.99382
0.9820802
0.7322677
0.36479104
0.7782499
0.9559617
0.973076
0.67211473
0.9535771
0.9860328
0.95961964
0.979908
0.37410393
0.9870609
0.9401081
0.9903396
0.94740915
0.8037973
0.42326075
0.97682935
0.8328005
0.38123798
0.9935134
0.78048766
0.88860875
0.8985707
0.9772853
0.986652
0.9491378
0.8511112
0.96919304
0.85918325
0.9172138
0.9776299
0.98478115
0.80692637
0.93027925
0.95202667
0.99392384
0.9906068
0.9629615
0.9854515
0.8743838
0.9812413
0.84899724
0.4654964
0.564758
0.98841083
0.97409576
0.9651959
0.9881257
0.90278745
0.9564222
0.9554809
0.9486094
0.9940852
0.73326236
0.9301169
0.66108495
0.9698589
0.9394215
0.9591737
0.85207754
0.6708601
0.83227825
0.24344923
0.8480726
0.18816008
0.7864426
0.98758495
0.962727
0.96246153
0.5886693
0.9604212
0.9699094
0.9157319
0.8576305
0.9898566
0.99151987
0.0067641553
0.83246124
0.33314818
0.809176
0.99013793
0.817871
0.71303594
0.98611313
0.97366804
0.9180735
0.92424405
0.8649153
0.9203124
0.36035898
0.72206444
0.9643079
0.92189574
0.8296131
0.9146081
0.8900738
0.94280726
0.9709346
0.97405595
0.97037977
0.98979187
0.5582606
0.7101549
0.9891607
0.4974929
0.48240024
0.61866957
0.98668265
0.43680885
0.94424826
0.940816
0.96698874
0.57467467
0.94322973
0.40613273
0.99163216
0.9851798
0.8944
0.7565497
0.36976328
0.5971959
0.97629786
0.8673154
0.96650577
0.90215755
0.88706946
0.8628996
0.6552084
0.9285138
0.93575215
0.98934364
0.87382615
0.48577666
0.9918218
0.7118664
0.99327177
0.19775164
0.84526306
0.9832591
0.9678481
0.9886994
0.8633313
0.9102816
0.8872914
0.25623274
0.77849764
0.5093463
0.9909383
0.7717247
0.89863646
0.61291075
0.36519194
0.32692268
0.9540137
0.9669476
0.86979866
0.9358769
0.749833
0.8511194
0.9312127
0.9580387
0.9535863
0.9796367
0.73767227
0.9725624
0.97633386
0.98875797
0.8457375
0.45497003
0.7307221
0.9329818
0.98544866
0.91772854
0.90179473
0.9839569
0.97050226
0.98261225
0.9881827
0.5351675
0.9816358
0.7773085
0.97611266
0.8430004
0.98331326
0.96722835
0.11060184
0.96693504
0.95237345
0.8691733
0.9920216
0.83622754
0.65409565
0.842219
0.9384988
0.920536
0.6624217
0.8664978
0.32137346
0.96817744
0.99128985
0.9054074
0.99057394
0.70003957
0.37881458
0.9789524
0.98709285
0.98177034
0.5289574
0.900615
0.86419636
0.86257285
0.9676618
0.4125437
0.9614637
0.9522725
0.9855919
0.8450274
0.9812758
0.723164
0.14679827
0.98325646
0.6946114
0.92788845
0.8588451
0.9016524
0.8950689
0.88032293
0.6256085
0.8926746
0.76238745
0.7672552
0.75225383
0.93592334
0.90612674
0.55277264
0.98273575
0.4164526
0.9431406
0.8286613
0.91603583
0.92806935
0.9253308
0.91168046
0.9825148
0.9365968
0.5563631
0.9350584
0.759347
0.990262
0.8893357
0.710576
0.6059889
0.96249855
0.70694023
0.99376196
0.98737025
0.8872799
0.9338745
0.8837721
0.9907101
0.9521437
0.983537
0.9330203
0.8822513
0.97404057
0.44508833
0.97807056
0.8179242
0.93746495
0.88948345
0.12291191
0.94713694
0.5188494
0.44982743
0.74822146
0.9512619
0.9399505
0.8394346
0.9944746
0.4171934
0.8084201
0.7514934
0.97751665
0.80630016
0.9103814
0.86481404
0.7596183
0.9919172
0.94204277
0.7403748
0.29117805
0.9814819
0.64333117
0.77022785
0.9802059
0.84208745
0.046311196
0.99053967
0.85508233
0.9716365
0.98417217
0.6005848
0.9348848
0.76434755
0.83539224
0.84565026
0.9618189
0.07509143
0.632103
0.94204456
0.92819726
0.73922044
0.93037355
0.9800907
0.693489
0.576893
0.97908884
0.85357404
0.9595542
0.9235106
0.87323153
0.75160784
0.99013114
0.9773276
0.49018595
0.86829066
0.65072846
0.9863174
0.9847024
0.8769554
0.96492785
0.21391664
0.624837
0.98850864
0.990261
0.9585899
0.95576775
0.5452535
0.9294304
0.002994605
0.97551155
0.8452958
0.9761814
0.69502205
0.98901653
0.9689707
0.9329906
0.808464
0.9705988
0.90856194
0.5614955
0.925265
0.49586222
0.9457817
0.9821838
0.9263704
0.9424504
0.8574968
0.77125806
0.99424875
0.9921355
0.9113618
0.7994106
0.5719627
0.97915125
0.7864947
0.96127844
0.58695763
0.8439553
0.7757588
0.871104
0.9618945
0.98480713
0.83353317
0.9115777
0.9619268
0.92534596
0.9832501
0.90902525
0.8349479
0.29490468
0.6455486
0.9758848
0.80500925
0.94383484
0.9814445
0.7751247
0.8543634
0.9549236
0.948164
0.7493089
0.9730111
0.9817067
0.965016
0.9609566
0.92470443
0.7031669
0.9718389
0.9881989
0.15863235
0.9207996
0.9021245
0.7636364
0.9058241
0.28158426
0.9854204
0.52099293
0.9871365
0.7248285
0.92088616
0.98241776
0.7331895
0.97711676
0.9925982
0.63064504
0.79373574
0.8183112
0.83276397
0.9680982
0.9765485
0.97204065
0.99455345
0.9720418
0.084773816
0.45038843
0.47465962
0.4450498
0.8163068
0.9139344
0.85151035
0.7498476
0.9753078
0.9784443
0.9855121
0.93422383
0.95822144
0.9611366
0.93068343
0.97281194
0.762143
0.67423147
0.8263474
0.9911088
0.95401585
0.9945802
0.98825014
0.9166282
0.79961485
0.91628057
0.31365034
0.41506985
0.9455677
0.9643802
0.45556727
0.9300289
0.55311954
0.97368693
0.89455116
0.9710679
0.97232383
0.97884744
0.70686185
0.86689067
0.57244885
0.98605794
0.24900588
0.80071086
0.9788006
0.85740983
0.6085731
0.5252794
0.4338592
0.9671646
0.977842
0.99326515
0.9245147
0.8763115
0.9493621
0.76554185
0.9783013
0.9638347
0.85176426
0.9849377
0.46270552
0.112198114
0.934387
0.87281924
0.98113704
0.99280304
0.56410927
0.4918323
0.6836133
0.95736957
0.96877015
0.9374875
0.9770637
0.9632961
0.7279688
0.3235846
0.9638348
0.52931666
0.6185471
0.74810565
0.9558698
0.23243158
0.9373482
0.93052113
0.77834177
0.8981054
0.886276
0.8394874
0.9143397
0.93090516
0.98809737
0.7800967
0.815066
0.7554733
0.9777991
0.92215663
0.9757481
0.97302383
0.9925333
0.8608283
0.9193534
0.8424718
0.9593017
0.9467628
0.9630024
0.6702705
0.47283664
0.8833609
0.92607653
0.76487476
0.80992025
0.6507522
0.95383066
0.97060126
0.9875656
0.9614692
0.2842428
0.9640986
0.81175494
0.06349377
0.97873414
0.98660374
0.8137756
0.49589473
0.97126275
0.9134914
0.9364448
0.9578316
0.98008645
0.9495795
0.9670137
0.9499238
0.8308688
0.9833839
0.9162424
0.43778238
0.9938501
0.9241443
0.9775614
0.37269402
0.979423
0.92481333
0.93206394
0.97696406
0.99121255
0.91229904
0.98406756
0.8778346
0.9442047
0.94809544
0.9763482
0.91462415
0.90741205
0.960702
0.98470795
0.71494627
0.83430547
0.72646576
0.88712895
0.971458
0.90660113
0.82680726
0.9616218
0.16969094
0.42203534
0.98771566
0.70208615
0.9597685
0.70849943
0.9341532
0.5083641
0.3429103
0.9668121
0.8890024
0.99010545
0.9693452
0.8131637
0.866798
0.2559214
0.9872678
0.9591906
0.96589345
0.981598
0.85783124
0.6337075
0.19491221
0.9382668
0.97674495
0.8228309
0.53403556
0.99233055
0.66838187
0.3597687
0.8838675
0.95418537
0.9851673
0.6802599
0.8659845
0.9934557
0.94087607
0.98436064
0.4576893
0.95980114
0.47038978
0.80397975
0.8272181
0.9589962
0.6050107
0.9750254
0.83979315
0.42833918
0.49703225
0.8768802
0.97625273
0.5710072
0.97875756
0.91224277
0.76550287
0.8670376
0.80561227
0.9846747
0.5633609
0.8742555
0.71519923
0.9729301
0.8450172
0.9258786
0.95898706
0.9549942
0.33114916
0.78949213
0.93409497
0.76274216
0.7800958
0.8801591
0.9666392
0.40736395
0.44141433
0.9604563
0.9750626
0.8097221
0.7202372
0.7743132
0.8602569
0.98594576
0.908997
0.99297345
0.046219066
0.9633686
0.94158465
0.95582175
0.5511803
0.9195103
0.6050207
0.71168905
0.9557994
0.9543698
0.9548691
0.19957078
0.9550193
0.87761396
0.30515
0.7860268
0.9566864
0.78329873
0.6926635
0.98558885
0.9016062
0.9831039
0.77775437
0.93664044
0.9122063
0.9018417
0.9237472
0.52587885
0.77361614
0.95666325
0.61131865
0.76793545
0.6120731
0.97232854
0.9715092
0.98751277
0.43545225
0.96047544
0.94497293
0.9856587
0.95986813
0.8913718
0.9466106
0.18675268
0.91923755
0.9203843
0.95966494
0.98114485
0.99000555
0.93268067
0.70285463
0.99028695
0.7208311
0.8632217
0.8202805
0.13758947
0.95222133
0.75742865
0.9707898
0.97574866
0.97079676
0.9698812
0.9890192
0.9377871
0.97824794
0.91775507
0.6447449
0.7496906
0.9083759
0.58471763
0.948271
0.96844304
0.8135687
0.9497956
0.17751619
0.93892145
0.48719674
0.9631362
0.9794159
0.95691735
0.9359997
0.56354684
0.13870113
0.9802494
0.26592267
0.9421666
0.8487047
0.3552035
0.98559606
0.96761686
0.5898709
0.45019478
0.93738985
0.9540833
0.22886872
0.6736886
0.9724449
0.5020993
0.9542976
0.97930384
0.7725343
0.9661056
0.9207399
0.9821485
0.9241538
0.9548625
0.8922038
0.90573835
0.9809125
0.9171064
0.97003907
0.94808495
0.97997904
0.98368144
0.6738177
0.42978474
0.92341334
0.9682008
0.72463703
0.6802967
0.9905483
0.42074925
0.9275973
0.84266317
0.93678874
0.98491424
0.9583489
0.9877842
0.91854554
0.8457554
0.966643
0.8420472
0.969743
0.8216658
0.78601426
0.97516215
0.9658662
0.89819515
0.3543756
0.3825982
0.61960125
0.8053068
0.8888028
0.5202008
0.9575082
0.87107253
0.23646066
0.8265004
0.8652992
0.97478515
0.98990685
0.38302267
0.90286887
0.8595841
0.9689239
0.98120326
0.86551434
0.72053236
0.9626995
0.98332083
0.9807206
0.6685111
0.73611134
0.9823967
0.5676339
0.96110916
0.6464037
0.97145116
0.86217487
0.96021825
0.9784895
0.83452594
0.59347874
0.9573464
0.9802539
0.680609
0.9605149
0.97108805
0.872502
0.8549953
0.7597027
0.99053407
0.9766832
0.46196124
0.9503468
0.97107714
0.93032426
0.98564875
0.8478584
0.99119437
0.8781082
0.98770255
0.7422995
0.9707781
0.9888235
0.8652411
0.9228152
0.93175834
0.6112661
0.957201
0.98343635
0.94884557
0.91774344
0.3730823
0.93646383
0.9834372
0.9558347
0.9476747
0.9356111
0.8946903
0.8633177
0.96625507
0.30943388
0.61903304
0.9720652
0.97341996
0.47464898
0.9334856
0.9915127
0.8591935
0.58278173
0.5772363
0.69788134
0.7960653
0.87881744
0.9650007
0.9497281
0.6110766
0.9659606
0.89188004
0.91045874
0.32833472
0.7511968
0.81786674
0.96294373
0.98303074
0.9654256
0.9762724
0.97323215
0.9787975
0.88894767
0.9449289
0.9915302
0.92738366
0.67687064
0.80561745
0.98600894
0.977359
0.8863873
0.86750656
0.96403515
0.91112417
0.87852544
0.22951376
0.9220716
0.9816839
0.5839884
0.99329174
0.97376853
0.95810753
0.83729357
0.2081208
0.91991395
0.63466334
0.9528613
0.934743
0.96374124
0.97672313
0.4754856
0.98665965
0.9550136
0.9509508
0.38415134
0.90939736
0.70516753
0.94750214
0.87876683
0.676355
0.94169915
0.97358555
0.4996097
0.8590937
0.9696512
0.56507325
0.7586593
0.6944781
0.8683221
0.8760204
0.9218514
0.98261535
0.90152323
0.99150825
0.88019454
0.8296096
0.959353
0.983546
0.99435693
0.842561
0.93831885
0.956392
0.94624555
0.9788481
0.9862112
0.9808353
0.9840358
0.9661664
0.99492455
0.9750412
0.9853387
0.6650401
0.97513247
0.98885185
0.96731275
0.9238723
0.7819486
0.8798933
0.5456979
0.9386207
0.778544
0.99103713
0.71633774
0.9769697
0.89048594
0.5014304
0.9908942
0.9926924
0.91962695
0.974936
0.97077674
0.9489949
0.9543963
0.9372696
0.5444172
0.11851366
0.2017803
0.96735317
0.9112074
0.9082925
0.97447497
0.99155563
0.95356005
0.8724572
0.939441
0.98135924
0.16993259
0.42149043
0.96107286
0.66233295
0.18649133
0.9464103
0.9926242
0.8576474
0.9699757
0.9821425
0.35926107
0.7182949
0.90926045
0.9907216
0.98314303
0.9456472
0.98147947
0.7673777
0.9874117
0.97749865
0.83872426
0.98318726
0.99216557
0.5783604
0.5419121
0.92833316
0.9698489
0.45816496
0.9355281
0.99295336
0.7501526
0.81144977
0.4845182
0.85960716
0.9216622
0.9316473
0.9385267
0.9555142
0.7939775
0.96674705
0.965717
0.47995645
0.868184
0.9923253
0.9841578
0.87946093
0.8392875
0.49986437
0.9538462
0.87258345
0.9393942
0.93983436
0.95162493
0.9727782
0.93321645
0.97540987
0.718398
0.7786987
0.96107584
0.9764871
0.96887946
0.9607756
0.91683215
0.9704597
0.62716013
0.9614566
0.96575904
0.96200955
0.99124545
0.4080589
0.38396254
0.9226302
0.9434806
0.99016505
0.8278059
0.74144316
0.971668
0.9699589
0.9260057
0.9498178
0.7672069
0.9878929
0.863174
0.9604368
0.9375254
0.94404924
0.99059767
0.99436116
0.9889599
0.97593874
0.9733218
0.9594937
0.7962353
0.90186936
0.9907823
0.9178098
0.3435946
0.9913009
0.99060446
0.57745045
0.8517292
0.6144794
0.35920206
0.9009315
0.92694026
0.9528451
0.8015381
0.9784267
0.9763748
0.3626147
0.21313772
0.97553366
0.6507928
0.9742588
0.5131473
0.9645407
0.9491922
0.9514712
0.96943027
0.9920738
0.9603026
0.91180503
0.9601173
0.8445149
0.27589983
0.987283
0.99379563
0.91615075
0.17777047
0.90454143
0.94419914
0.9810585
0.9900338
0.5052246
0.65743923
0.78273344
0.9724175
0.9484758
0.9791627
0.9749497
0.81869596
0.5673553
0.98532236
0.8665047
0.9885931
0.7156589
0.98878664
0.95039994
0.38714114
0.96366614
0.99153405
0.36171252
0.967282
0.942459
0.82442963
0.94230413
0.94192237
0.8594889
0.9895103
0.9890455
0.8756525
0.93435174
0.93746424
0.9778767
0.982778
0.9857335
0.9629887
0.98156494
0.82183737
0.90772045
0.9404441
0.90789104
0.88504905
0.9854081
0.9481262
0.27965215
0.3552246
0.9329559
0.9494229
0.9898185
0.9932342
0.9755703
0.79936117
0.9576913
0.9192615
0.92789686
0.9245775
0.9925373
0.8329047
0.8845755
0.6166655
0.86428654
0.94060177
0.82030255
0.49156627
0.97030365
0.99762976
0.9703072
0.823657
0.98470116
0.9808925
0.54812557
0.31390116
0.8195009
0.9807381
0.17563623
0.9860388
0.9788392
0.9613792
0.8765097
0.9856878
0.92733014
0.061429292
0.93535554
0.64144886
0.74742603
0.25954553
0.97363925
0.8023842
0.94613266
0.9934376
0.9770508
0.80004287
0.61593723
0.98799175
0.649533
0.9536072
0.86814004
0.98277515
0.99010545
0.78434354
0.38956556
0.9377327
0.9443876
0.93633455
0.5829348
0.988274
0.798396
0.96797615
0.9932662
0.99089843
0.8579759
0.9891093
0.94321996
0.9621638
0.6765046
0.8363894
0.40425465
0.9724761
0.95479995
0.97615266
0.8470363
0.95869696
0.9121606
0.99406993
0.76343256
0.15716566
0.970167
0.473561
0.92824566
0.7936815
0.9553453
0.35295808
0.8782314
0.9595465
0.8123524
0.31218833
0.9851782
0.83516985
0.89839894
0.3139846
0.9809732
0.89133126
0.905336
0.9762927
0.99264127
0.97507113
0.7880276
0.96045893
0.8882713
0.9922518
0.87366426
0.987939
0.82146794
0.8680131
0.98785025
0.9217647
0.25262916
0.7968047
0.96538615
0.90698045
0.92041886
0.7994356
0.8819541
0.7387237
0.9652905
0.76210684
0.76508236
0.9805161
0.42537123
0.7445013
0.954948
0.7820293
0.8425642
0.98879683
0.90146095
0.72371304
0.9068696
0.8539681
0.94787353
0.9851399
0.9820067
0.97620857
0.8297229
0.7553516
0.97720885
0.85869175
0.3241889
0.98850775
0.96259433
0.9759468
0.9809058
0.9761253
0.98223937
0.8564473
0.96755993
0.9827545
0.9275468
0.98839915
0.9744967
0.97147447
0.6867316
0.9896026
0.58570975
0.89065295
0.8434819
0.33289298
0.99117154
0.9846052
0.44577292
0.9270435
0.9215641
0.65036774
0.90856767
0.99319094
0.630259
0.78745383
0.91705537
0.5316145
0.77937
0.9711981
0.9882111
0.98345345
0.45777312
0.99001163
0.930683
0.9921582
0.12881207
0.942996
0.96751547
0.29498672
0.9031742
0.74197894
0.9760282
0.9868215
0.805035
0.7874686
0.8409907
0.9231554
0.76061946
0.82472914
0.8405789
0.834714
0.9501848
0.89037806
0.9849261
0.97232294
0.9516638
0.9699865
0.97174025
0.9846332
0.26601934
0.93905556
0.9884803
0.38781857
0.911652
0.66553885
0.9736535
0.9831182
0.67210925
0.87413305
0.98656684
0.82919717
0.740571
0.93151754
0.9569279
0.5884493
0.88197535
0.76745856
0.4528771
0.30314386
0.97626376
0.07649581
0.96420616
0.9669944
0.9834251
0.9315732
0.87909365
0.95573235
0.9727232
0.78021437
0.98880744
0.98406607
0.96052206
0.981501
0.9619779
0.98042107
0.5374457
0.9893112
0.9809672
0.97589535
0.9285629
0.5442645
0.848915
0.99287754
0.9439041
0.92693174
0.36135596
0.8848808
0.96314347
0.96823055
0.9543745
0.7337897
0.873784
0.9465046
0.35696545
0.9579668
0.98897785
0.8217752
0.37447932
0.935046
0.94798744
0.9064773
0.69193757
0.9775146
0.93244034
0.6140562
0.01804843
0.96061015
0.50775135
0.9624577
0.9720634
0.928595
0.86088175
0.7862606
0.37174782
0.8945154
0.9745514
0.98641485
0.93538684
0.62122065
0.98193306
0.5356977
0.61495864
0.9522584
0.73872954
0.9401004
0.9134923
0.36298373
0.98960936
0.9584653
0.98657066
0.9481043
0.54641813
0.95624703
0.99079996
0.9924804
0.718181
0.4266395
0.80141455
0.9707253
0.92216516
0.9919274
0.9561521
0.9729916
0.8586926
0.8384954
0.28706282
0.9826774
0.96035445
0.882266
0.5885738
0.9068781
0.9562346
0.6738661
0.92614555
0.98511803
0.961829
0.9899317
0.98653865
0.8628273
0.9867518
0.9648868
0.96263176
0.9742206
0.9694251
0.92449605
0.98257774
0.9955012
0.986837
0.80077547
0.97874796
0.91949457
0.95645636
0.5561892
0.9402907
0.88239205
0.99565315
0.86234534
0.5044423
0.94969344
0.99051964
0.8687883
0.94791156
0.23231095
0.9722386
0.95462656
0.9737821
0.93311495
0.6161942
0.81242955
0.9109272
0.95107865
0.8166991
0.03659329
0.83588886
0.54467577
0.89446664
0.7410839
0.28210694
0.95349103
0.976228
0.47480404
0.9544053
0.7592531
0.9405382
0.7388159
0.9389192
0.98509836
0.49767745
0.9829646
0.93798405
0.46085235
0.55755466
0.9939883
0.85392296
0.87151945
0.6525671
0.36247247
0.91597867
0.9160851
0.85922784
0.97359395
0.90699595
0.921097
0.9099657
0.91332513
0.9877335
0.9553557
0.9464972
0.907585
0.53384006
0.7295218
0.8442235
0.4889435
0.905776
0.8623991
0.9562864
0.90402323
0.9604047
0.5272633
0.38354465
0.43414444
0.81167424
0.8048228
0.9798748
0.9927544
0.90386343
0.9260367
0.6690387
0.80080605
0.92309123
0.7413024
0.5346504
0.14554219
0.5643937
0.59134746
0.9864741
0.85011876
0.704522
0.96329755
0.6929485
0.64054364
0.52191633
0.34811303
0.4640049
0.68073606
0.84489876
0.9329731
0.9198778
0.70659804
0.8802666
0.18189394
0.97589284
0.98124355
0.86736697
0.9534724
0.96459955
0.91306686
0.98803735
0.94479257
0.8495791
0.99221474
0.55191916
0.3495703
0.99851304
0.93090814
0.9701484
0.3435504
0.7199988
0.98956865
0.9211235
0.9177441
0.9906386
0.07324926
0.530827
0.9662446
0.9749135
0.98155046
0.9345648
0.9836909
0.9643242
0.94866174
0.97583777
0.7742243
0.9093207
0.53332764
0.982232
0.896739
0.8384817
0.8447102
0.8868307
0.6281497
0.97040606
0.9721157
0.9848504
0.89868623
0.9593474
0.44451538
0.9431802
0.7269227
0.97673655
0.64360374
0.9777274
0.97642344
0.8190289
0.7719311
0.74418867
0.9294493
0.7143618
0.82680476
0.9240665
0.9587959
0.92912203
0.84147745
0.6759141
0.9487623
0.66540563
0.6811836
0.5003769
0.9111501
0.9870604
0.5088864
0.25584638
0.71625525
0.92981875
0.67413247
0.93713844
0.9644265
0.98888654
0.97951
0.9522041
0.9483188
0.21072254
0.9753779
0.91700345
0.976719
0.9642477
0.9669002
0.95087665
0.9445129
0.94478106
0.9401851
0.9680759
0.9533309
0.9413114
0.94714195
0.60643816
0.6706433
0.6554488
0.9424208
0.9896143
0.9221263
0.8870162
0.9162507
0.95126814
0.95048475
0.84313196
0.97972304
0.29573613
0.95691425
0.98659176
0.96538913
0.90037614
0.96417105
0.96812326
0.9896359
0.8207647
0.29626018
0.97768617
0.9129561
0.9697697
0.98419225
0.9246863
0.64728796
0.3254373
0.9505484
0.6221008
0.8406572
0.68545794
0.8576516
0.9206647
0.29720086
0.9836956
0.33021834
0.92392147
0.9862022
0.9645596
0.43919
0.6951156
0.07913447
0.71371245
0.38137138
0.99076885
0.9705747
0.63853675
0.9152096
0.99134797
0.5083929
0.92569387
0.64101064
0.9517168
0.945819
0.7178882
0.9076413
0.9967982
0.937989
0.3638818
0.7995006
0.84906924
0.95303875
0.9402864
0.9359826
0.95473343
0.8698188
0.9915843
0.98637205
0.5751281
0.94848394
0.81493044
0.6558865
0.7513246
0.8433128
0.9921787
0.9926668
0.97490996
0.26798856
0.93834007
0.43592447
0.97987056
0.95817924
0.9283871
0.26550856
0.97666353
0.8610559
0.9348958
0.9907154
0.8114091
0.9413928
0.92003554
0.9546736
0.6148656
0.8838432
0.93605244
0.9570716
0.96115214
0.9622064
0.9729691
0.76713383
0.8983348
0.95989996
0.67500347
0.85561836
0.95374554
0.8765781
0.97804594
0.93919015
0.9347561
0.9901507
0.7865726
0.95443237
0.87038106
0.36265883
0.75634766
0.95279473
0.9568895
0.98836493
0.9750369
0.9719814
0.98929495
0.99545926
0.30178437
0.85922796
0.75278914
0.98933953
0.9307194
0.9327812
0.98848164
0.97015196
0.45745897
0.9810152
0.9939148
0.9374412
0.9909046
0.9693346
0.9755127
0.90879935
0.40663624
0.947342
0.8389077
0.70703226
0.97816294
0.86960804
0.991746
0.88616586
0.957112
0.6336716
0.98323464
0.8981782
0.98347825
0.9665877
0.9818917
0.4039023
0.49915314
0.8049107
0.93277854
0.98500514
0.9206187
0.66586083
0.9815176
0.9696474
0.7315827
0.9674133
0.904339
0.8303734
0.7281612
0.684206
0.93520945
0.9305423
0.9402279
0.9777429
0.74154043
0.7074167
0.94083226
0.9183734
0.99136204
0.9837944
0.98764044
0.9587853
0.9183708
0.95174307
0.2839665
0.9324855
0.9604826
0.9862622
0.9549327
0.9534655
0.8681517
0.95662487
0.9773746
0.93378544
0.77755445
0.9296824
0.9703927
0.9419558
0.37844762
0.96408516
0.94480807
0.9867669
0.912891
0.90931547
0.99442405
0.98177564
0.88466597
0.21359733
0.9742132
0.9449689
0.655599
0.86575466
0.7514487
0.6941986
0.9659334
0.9538089
0.9467376
0.93448067
0.49670258
0.97976685
0.9055559
0.83395594
0.9877901
0.98806447
0.9616809
0.94440377
0.9641245
0.28812227
0.9878207
0.9835713
0.99363387
0.88721603
0.96930224
0.9030026
0.9842249
0.7661632
0.98395133
0.9641226
0.9447984
0.7534272
0.9895381
0.9881598
0.9220409
0.98953503
0.97725326
0.9637495
0.99051535
0.9553529
0.9899725
0.98819876
0.28682473
0.8441555
0.9912476
0.8846273
0.9405083
0.6877032
0.82869804
0.35242105
0.98295295
0.84947294
0.95692056
0.98375547
0.949462
0.33020264
0.99687105
0.80071706
0.81170195
0.4781417
0.98824793
0.97955656
0.6063804
0.8524989
0.92920244
0.9915543
0.9876715
0.9910745
0.6792814
0.9725672
0.9769155
0.73741883
0.984278
0.85056645
0.95925003
0.9913402
0.7632956
0.9280326
0.9706186
0.9830526
0.9747824
0.9131718
0.97921526
0.96443474
0.49225622
0.8770268
0.9471208
0.5058094
0.9386187
0.9713003
0.43446442
0.4067025
0.83269346
0.97499573
0.9384994
0.94998944
0.5422775
0.32509917
0.98331994
0.9269336
0.86865884
0.7719048
0.980449
0.94082963
0.97950554
0.989012
0.8912243
0.957786
0.8988257
0.4267608
0.56511635
0.7922946
0.9608346
0.97399557
0.9514366
0.59095156
0.9897445
0.96671927
0.97261727
0.77775276
0.92075616
0.7616966
0.36823013
0.9731426
0.9174196
0.692153
0.6037987
0.98087895
0.98114395
0.69051224
0.9026125
0.9879363
0.97139156
0.9647047
0.9868314
0.2759101
0.9494276
0.98299015
0.64566886
0.96436787
0.37683168
0.979934
0.5419631
0.70137453
0.95364904
0.9447682
0.83897614
0.64264685
0.2541899
0.97312105
0.95993686
0.8167169
0.17920378
0.7035457
0.89522
0.5929405
0.94589925
0.9384121
0.97091615
0.552511
0.8028717
0.9735642
0.9025372
0.26201677
0.88471186
0.15034908
0.98228055
0.8803096
0.972347
0.982487
0.94999933
0.46079686
0.9887651
0.9868422
0.9284983
0.984832
0.8913405
0.47144562
0.46371418
0.8797022
0.9573335
0.06881842
0.9651399
0.9003739
0.98431474
0.95427525
0.9749476
0.9203012
0.9439567
0.83494407
0.40379572
0.97342426
0.8459398
0.9421812
0.9678072
0.88228226
0.9916747
0.98155516
0.82159144
0.81246537
0.9783585
0.894091
0.74201965
0.56180954
0.8538319
0.96501243
0.9515499
0.9808451
0.9932128
0.9690094
0.9142958
0.5295937
0.29432663
0.7464352
0.28005558
0.96473444
0.71385354
0.49436536
0.94209236
0.9211337
0.35406098
0.9210079
0.84349096
0.91439116
0.9766669
0.39864323
0.9833673
0.9197767
0.91701055
0.92092186
0.956622
0.6933394
0.93865484
0.9429444
0.7399369
0.6788142
0.94870424
0.98733586
0.6289349
0.9949575
0.96740603
0.4717149
0.9492468
0.84098625
0.988241
0.6386748
0.75975895
0.97376955
0.21638012
0.91424906
0.98157597
0.9880775
0.92095166
0.9888981
0.9887228
0.56938
0.90969366
0.77146626
0.9411807
0.95561844
0.93301487
0.94227916
0.9468282
0.7087671
0.8713633
0.99419385
0.9974542
0.7024126
0.67349285
0.9665668
0.25948763
0.5307553
0.9924446
0.9600154
0.8973402
0.95280105
0.931187
0.7836487
0.9939884
0.6040704
0.46317476
0.88587004
0.9414398
0.9043895
0.92964315
0.9866399
0.97384214
0.6169612
0.9840515
0.935809
0.9849842
0.696988
0.6230829
0.8284931
0.96561486
0.81703806
0.90526617
0.9594551
0.9843311
0.9350704
0.9850943
0.9541314
0.9294847
0.8475227
0.6154189
0.5026043
0.93770313
0.9831449
0.6295473
0.94400066
0.8276727
0.550746
0.98834115
0.92818105
0.990884
0.9485489
0.75259566
0.98539877
0.7771321
0.9740892
0.65017915
0.9763581
0.9707813
0.99274784
0.79143786
0.8916926
0.40078598
0.8588957
0.8716822
0.9734971
0.97125137
0.7668274
0.98126614
0.98265946
0.88457584
0.9846272
0.9877127
0.9627105
0.95266014
0.17122228
0.92820334
0.8680127
0.8743956
0.949628
0.9564038
0.93635845
0.8124412
0.94270104
0.97726667
0.9289546
0.6861208
0.7631917
0.94955605
0.3444487
0.92995936
0.9529453
0.890625
0.8945179
0.9632259
0.68952376
0.91924995
0.92190325
0.4373222
0.44254917
0.8294384
0.982077
0.88706964
0.9761786
0.7022201
0.94049895
0.8499172
0.9680637
0.98125046
0.9558427
0.986418
0.9569232
0.92981124
0.9779758
0.3780548
0.8706532
0.86690557
0.86639607
0.97107273
0.8856273
0.85574317
0.934898
0.89001137
0.98704416
0.98107463
0.8861198
0.9567692
0.87534064
0.8352464
0.7009347
0.9726404
0.9292726
0.44195607
0.50513
0.94175994
0.782622
0.77052355
0.85448927
0.6679256
0.9478576
0.7495415
0.95285094
0.738242
0.9770049
0.9702847
0.9493028
0.7375211
0.7270211
0.98119545
0.23771216
0.93469924
0.91020447
0.9698861
0.487206
0.9650804
0.85028136
0.23185852
0.98596734
0.9395341
0.9108654
0.9513572
0.9700459
0.81678516
0.54969966
0.78299123
0.84069437
0.9720354
0.45738882
0.86972904
0.8360467
0.59686387
0.96188104
0.98232204
0.84246063
0.5834634
0.9871761
0.9385685
0.8901389
0.97377485
0.99059933
0.93931186
0.95633096
0.7347896
0.5823118
0.98760694
0.63224816
0.9334575
0.425636
0.9834065
0.30295157
0.9919574
0.6921227
0.3346888
0.98089993
0.5798658
0.80871046
0.5050713
0.7972407
0.9921057
0.95257664
0.8984387
0.9770452
0.86803347
0.4567107
0.27468073
0.9927885
0.9437696
0.73488843
0.7095887
0.39278063
0.89543116
0.8011873
0.77947944
0.93630904
0.9758435
0.9851018
0.98374605
0.96970046
0.9055747
0.8614984
0.9693029
0.9915195
0.78378636
0.96874535
0.96562696
0.98791796
0.7380947
0.8349619
0.9900395
0.71620375
0.9510084
0.71213174
0.8505261
0.91079164
0.9885251
0.87755686
0.8722697
0.99441886
0.32954648
0.5841862
0.65063894
0.9878169
0.7302665
0.9681073
0.95374775
0.8762765
0.9480247
0.9896242
0.97109705
0.66036505
0.8929161
0.664544
0.9847066
0.94255704
0.75869215
0.87968403
0.9326573
0.8476392
0.7936592
0.9512756
0.7623707
0.8104688
0.88759744
0.07906264
0.91650367
0.8776427
0.9925045
0.8603683
0.8572001
0.923931
0.9188841
0.9485241
0.89580745
0.81439114
0.9573971
0.82919914
0.98327255
0.95269626
0.922473
0.8278032
0.58428055
0.95607305
0.9564545
0.9716825
0.7624128
0.9650688
0.8405392
0.39023578
0.9566012
0.86998343
0.9751452
0.89984286
0.90097463
0.93377614
0.9592305
0.8619704
0.9901158
0.59379655
0.75176364
0.7691584
0.9250329
0.97580147
0.83062416
0.8229558
0.970595
0.97191715
0.9855159
0.98204064
0.73068684
0.9499096
0.9052379
0.9746703
0.3241483
0.97711915
0.99012274
0.988301
0.9723032
0.9855493
0.9771079
0.8643448
0.98412216
0.9899418
0.6064188
0.929369
0.9746517
0.33501792
0.29332265
0.99026334
0.9277461
0.9690457
0.88608927
0.9822744
0.9913312
0.98188615
0.97272563
0.95655507
0.5013612
0.9903866
0.8964441
0.1294694
0.85803723
0.5479455
0.95457286
0.9890454
0.920547
0.9018937
0.8576466
0.86610305
0.8819378
0.9482613
0.99537295
0.5452344
0.69728214
0.9430864
0.7628337
0.8806754
0.888941
0.99580765
0.9906087
0.96334356
0.97415686
0.9683699
0.92998254
0.85081285
0.7256262
0.95342946
0.9741993
0.98932785
0.72470087
0.7309497
0.5374404
0.9875164
0.77630496
0.94056916
0.9332613
0.8486437
0.79241955
0.9807736
0.8944923
0.81050086
0.9405116
0.99039406
0.43589866
0.94698906
0.9716339
0.91785014
0.4757515
0.96279883
0.49164867
0.68239474
0.9746878
0.93307227
0.7547043
0.93979234
0.9413482
0.872693
0.9768668
0.8414057
0.97559273
0.99135524
0.4727994
0.7817981
0.699871
0.94235027
0.9176622
0.9882031
0.8397142
0.90903926
0.74687904
0.9801956
0.9752024
0.9022628
0.9804726
0.9912375
0.9199327
0.98052555
0.9406585
0.967604
0.8781957
0.98823243
0.97633016
0.8299076
0.8405498
0.98381156
0.9494171
0.99113804
0.8994635
0.28371972
0.5899882
0.67536885
0.9380576
0.98572797
0.7561896
0.96988255
0.91438854
0.96592563
0.97051346
0.9664913
0.9582254
0.9101421
0.9382438
0.1654967
0.76178813
0.9763579
0.7529505
0.9216354
0.96306497
0.93301946
0.99176484
0.94551617
0.649227
0.97741914
0.98198986
0.95944875
0.9878308
0.94579864
0.92114586
0.94870937
0.27295136
0.916749
0.8789555
0.9068459
0.9389534
0.74899906
0.978745
0.9102272
0.47717822
0.9878377
0.92929536
0.5664653
0.92794955
0.975228
0.9909174
0.8172187
0.9417572
0.588213
0.09867042
0.82913
0.9473105
0.9916432
0.9358347
0.46328098
0.9891356
0.98588264
0.9779976
0.97655493
0.8910344
0.581611
0.9836662
0.511155
0.8469865
0.96108395
0.98136085
0.98450166
0.96191835
0.9628396
0.93009573
0.2936088
0.99081975
0.017269462
0.9109614
0.9521226
0.9500076
0.91700155
0.93780303
0.96895707
0.86180764
0.9218654
0.7771981
0.9854358
0.9556805
0.972304
0.965304
0.89638984
0.91187996
0.89738464
0.96393937
0.7328053
0.94551796
0.30306527
0.9736332
0.97326875
0.31318754
0.20850118
0.97127706
0.97099584
0.6550896
0.9141857
0.93840426
0.90616083
0.445891
0.41224644
0.50220793
0.7326509
0.8998737
0.9645891
0.80165994
0.88987416
0.98917305
0.29660574
0.7903937
0.99051356
0.9829768
0.98829824
0.9220869
0.95946
0.906245
0.88046736
0.9644604
0.96755433
0.8401845
0.9519128
0.13425428
0.86962646
0.7060488
0.8290009
0.67336744
0.78410274
0.9143448
0.97275895
0.9883708
0.9017942
0.8209641
0.97774637
0.99480325
0.96729904
0.70926875
0.8481188
0.46076888
0.9034277
0.9899512
0.77848476
0.87243307
0.9662665
0.9162038
0.9795675
0.9242033
0.98766196
0.9021174
0.8034522
0.08403832
0.8726452
0.9616656
0.915349
0.32645494
0.97688955
0.9402315
0.9141699
0.9083242
0.11460666
0.74032724
0.98122793
0.5739555
0.98605645
0.9675258
0.59928477
0.97308886
0.69333106
0.97028774
0.69714016
0.6076403
0.9680655
0.9458831
0.9308153
0.72816056
0.98898405
0.9706326
0.9834764
0.98372155
0.97545016
0.9033676
0.94765747
0.48370603
0.9668054
0.8520676
0.61365974
0.89421463
0.9008255
0.9924505
0.977458
0.90503573
0.95799035
0.58995885
0.55449504
0.9778992
0.33631876
0.9249601
0.9626473
0.9400148
0.8494344
0.94679207
0.9133152
0.8893121
0.9852416
0.98973304
0.98965144
0.94936854
0.9319909
0.9717908
0.9516047
0.7237782
0.97998744
0.9432812
0.94968593
0.91341484
0.6283173
0.7905783
0.659462
0.9651307
0.98039573
0.8588137
0.9659506
0.5686989
0.61909634
0.50423175
0.98693013
0.96749943
0.8907493
0.9746679
0.95913905
0.8795418
0.91145015
0.89885277
0.88024306
0.41616938
0.22782502
0.8272807
0.5530255
0.96729624
0.98854876
0.95354843
0.94800574
0.9764117
0.24320665
0.9434439
0.014471098
0.9808338
0.9595104
0.98978883
0.512374
0.95252657
0.9837955
0.9383885
0.9308137
0.5739404
0.9829502
0.21741986
0.95336705
0.9615024
0.7611001
0.32519367
0.9328315
0.9478558
0.98586464
0.5249692
0.86543894
0.98553824
0.9467217
0.98292947
0.60003465
0.8341282
0.9466695
0.79156655
0.6885361
0.9728651
0.26833788
0.90818226
0.94525373
0.7722995
0.98673046
0.944956
0.65038735
0.9817239
0.9112945
0.6464553
0.9585572
0.9104355
0.89787304
0.9249924
0.9461761
0.94771034
0.554539
0.96619964
0.9087767
0.8287361
0.6045445
0.97138983
0.9680456
0.9563183
0.9843545
0.9694234
0.09464354
0.6308222
0.93563557
0.7719736
0.796461
0.9563478
0.9464637
0.9154651
0.98298496
0.6515199
0.9616809
0.9508621
0.9853335
0.96527416
0.9145505
0.91044617
0.9666077
0.91216654
0.64880294
0.8057481
0.99019986
0.1449052
0.9831557
0.9810814
0.9796109
0.91248333
0.94362825
0.9625158
0.979835
0.8353446
0.9740863
0.9118293
0.9659176
0.9038363
0.994909
0.88197136
0.84464467
0.8753294
0.9685971
0.9904056
0.9690243
0.8231203
0.9775261
0.64490837
0.8422394
0.7325154
0.899724
0.945621
0.71250385
0.9061398
0.9025695
0.96147865
0.68039745
0.9358062
0.97663283
0.98426974
0.6137995
0.9628724
0.8424614
0.6592418
0.9806543
0.9226006
0.9215285
0.7490737
0.9300412
0.77404934
0.82716566
0.81407374
0.9799763
0.97703564
0.95458233
0.96522117
0.72956747
0.96758825
0.90470934
0.9767804
0.5169996
0.9903984
0.8389306
0.005810826
0.9516068
0.9187409
0.9859488
0.7530598
0.957163
0.8216535
0.9729565
0.75678396
0.9581523
0.9792962
0.9832739
0.98489213
0.4230828
0.87046045
0.8521191
0.21113275
0.98452306
0.9844417
0.85738766
0.9282286
0.8480555
0.9887505
0.2171111
0.3667749
0.9795997
0.95568717
0.6668083
0.9189339
0.9861422
0.9205736
0.92596126
0.94847757
0.9248254
0.9562388
0.8341993
0.9549864
0.97771806
0.7769225
0.47149554
0.993491
0.98268443
0.9651149
0.98572713
0.38045493
0.71533614
0.9697225
0.9670874
0.9697169
0.83904046
0.22581393
0.72454304
0.9888953
0.80822533
0.9626943
0.9446198
0.9086271
0.97786945
0.9728494
0.989003
0.98698956
0.95556194
0.92541313
0.5695622
0.6697381
0.620181
0.86712193
0.9785299
0.9865588
0.99333173
0.8393389
0.9468018
0.9200031
0.942917
0.93465644
0.77245235
0.74726176
0.18663852
0.21410953
0.9649796
0.52024615
0.7860004
0.6951643
0.09103008
0.9137733
0.63059175
0.59358233
0.79348487
0.9184547
0.74369943
0.98426104
0.98759216
0.9811306
0.93590945
0.98430705
0.6429458
0.8232138
0.5661721
0.8237983
0.8751588
0.93375903
0.43163833
0.72543484
0.98782676
0.70934594
0.9819179
0.92123395
0.8755879
0.95676255
0.26273164
0.8831025
0.82425606
0.7943665
0.8859287
0.55655074
0.98435783
0.9905247
0.9887334
0.97876644
0.96535295
0.9359248
0.7621134
0.8739713
0.987912
0.963222
0.97392714
0.9584561
0.3107887
0.9047913
0.97727853
0.9905315
0.88234663
0.6998002
0.848673
0.8091921
0.92623526
0.9108852
0.9532991
0.9688815
0.9344225
0.8005955
0.88344526
0.993284
0.8853862
0.5622667
0.516342
0.9073533
0.9698674
0.984091
0.98049164
0.9548583
0.9656104
0.78026277
0.88305444
0.8805391
0.918205
0.98290217
0.40142912
0.90702766
0.7131866
0.97272664
0.989666
0.93886787
0.6104823
0.8376658
0.94738436
0.75003076
0.7968725
0.96264744
0.9859118
0.96696067
0.85992634
0.96706074
0.9858197
0.68694496
0.95865434
0.9232751
0.8932381
0.94276863
0.983615
0.7777012
0.87950593
0.75389194
0.8326283
0.23988731
0.9822657
0.25716203
0.98528415
0.6307752
0.9781913
0.98179895
0.99226564
0.57864434
0.98869693
0.8227072
0.9616838
0.34040245
0.9774523
0.72873
0.9808615
0.9622424
0.9065453
0.80604047
0.9149514
0.8441083
0.95267063
0.0022413682
0.13352121
0.92507327
0.6603923
0.930542
0.96029246
0.90614885
0.9502593
0.9443392
0.94155127
0.94516665
0.8916376
0.9241692
0.87521386
0.96148413
0.43006945
0.9929293
0.68395305
0.85507524
0.65470487
0.94467306
0.98863363
0.9173813
0.9852254
0.9807326
0.7499908
0.96272093
0.95893556
0.97839296
0.75047135
0.8332037
0.98427016
0.92434365
0.9181421
0.9648162
0.9475812
0.98983496
0.9380604
0.007458172
0.9941188
0.9880184
0.65350455
0.9862816
0.7487321
0.96211284
0.36584213
0.93550295
0.8797238
0.7211318
0.84675896
0.99155384
0.8860776
0.96631795
0.9630713
0.8867596
0.9761964
0.9929894
0.98802304
0.9354519
0.8999195
0.95451415
0.988064
0.8019574
0.9875668
0.93732566
0.92374074
0.9357234
0.8898331
0.96485263
0.8065535
0.9354992
0.8523987
0.9108087
0.421542
0.68120813
0.79427123
0.9871088
0.79236346
0.9589887
0.8321302
0.7554696
0.23704106
0.70223814
0.864526
0.908511
0.3530636
0.9736998
0.9881334
0.35834736
0.72614884
0.95763654
0.9834669
0.96211857
0.9313521
0.9173397
0.86909586
0.91683704
0.84584665
0.82170546
0.96556014
0.76697415
0.95437795
0.98939216
0.9278317
0.969758
0.97300774
0.9009107
0.9710052
0.9816217
0.9596661
0.871427
0.97629607
0.20781654
0.8425465
0.48310077
0.95298296
0.9740089
0.9681941
0.87665266
0.6474675
0.8731783
0.97501296
0.41955575
0.44346178
0.9785743
0.22903994
0.9857972
0.87867886
0.5898234
0.95260334
0.97042376
0.52525556
0.93290716
0.9444563
0.95521694
0.9679911
0.8949231
0.98552126
0.8552654
0.802397
0.9120119
0.83273464
0.9814324
0.6732797
0.98066276
0.9337599
0.9163852
0.85066146
0.93214697
0.9804402
0.9060615
0.97673905
0.8085584
0.9864937
0.5947266
0.7867323
0.83253324
0.9918568
0.9699176
0.9829009
0.7141266
0.97831285
0.9760783
0.77062166
0.7275423
0.80133265
0.86120915
0.9864498
0.8031234
0.97334665
0.9873706
0.8342446
0.9663499
0.8130434
0.95540446
0.98967
0.4565196
0.925274
0.94416314
0.7703967
0.9213338
0.8129364
0.46826962
0.87415504
0.9805704
0.91987693
0.9348249
0.9852608
0.98972195
0.8718552
0.8256108
0.90222126
0.7614998
0.66543984
0.91806585
0.21918222
0.36821643
0.6045347
0.6517548
0.85262185
0.8587258
0.94380766
0.91995645
0.109492004
0.9891583
0.5321192
0.9756501
0.8371113
0.91422534
0.94677305
0.9807494
0.7502968
0.99252
0.9844317
0.9159532
0.96647424
0.9354895
0.90703636
0.93809736
0.82065874
0.5277287
0.9697502
0.97755104
0.68952864
0.863818
0.9932788
0.94567794
0.9532393
0.9925276
0.9134143
0.5523677
0.98915416
0.1377834
0.94470924
0.88128906
0.8830711
0.9135118
0.98675656
0.14851394
0.9397419
0.93631446
0.9836896
0.83673906
0.72381335
0.42180118
0.93175757
0.89699936
0.98215014
0.91095805
0.14284052
0.93887365
0.9809394
0.9507763
0.6366201
0.9704732
0.617587
0.9218187
0.98846895
0.9637983
0.62222505
0.62053114
0.98665464
0.82607305
0.8914864
0.07573053
0.69131577
0.4643404
0.9233925
0.9174018
0.9740437
0.9768548
0.74632555
0.98004603
0.8204564
0.8899645
0.9411859
0.9686346
0.9586856
0.9938007
0.9515155
0.7665822
0.8766236
0.98887724
0.9237583
0.98246634
0.91424894
0.9571101
0.9465418
0.9248654
0.9958197
0.973752
0.9097614
0.763355
0.9501291
0.85724145
0.8544788
0.79379296
0.00069131353
0.9426497
0.9324813
0.9760183
0.90641433
0.978824
0.921053
0.84147984
0.72724664
0.68272054
0.98900014
0.96744645
0.6195006
0.9474429
0.6962598
0.9388575
0.93728155
0.8513536
0.9566925
0.8746
0.97948074
0.9312965
0.93659747
0.9933308
0.9573743
0.7735042
0.9588699
0.9310343
0.95931125
0.83119535
0.8364589
0.9340788
0.96028894
0.90900856
0.975602
0.9609805
0.3833229
0.9874637
0.9726007
0.332739
0.9843047
0.8343238
0.88410115
0.95180285
0.2093937
0.9868868
0.77493745
0.9770658
0.7400545
0.7834904
0.90937245
0.9708701
0.76094806
0.987039
0.97025067
0.90120536
0.85051894
0.64651436
0.5969859
0.9881067
0.745537
0.92179286
0.94435126
0.510817
0.97099227
0.8368332
0.97965646
0.64980453
0.9239625
0.89001447
0.096090116
0.95025015
0.9448006
0.8530002
0.6985363
0.96321636
0.97703266
0.9942526
0.9883359
0.88471115
0.9641893
0.9828483
0.91110206
0.9916414
0.9412918
0.8459614
0.98421335
0.17954978
0.8813322
0.9398692
0.9903094
0.9665424
0.55168283
0.37630826
0.95893687
0.88921756
0.43468705
0.95038396
0.6081715
0.8404672
0.92250377
0.90120256
0.94347477
0.93864757
0.7003383
0.9665745
0.99310327
0.9747106
0.98109436
0.83482116
0.47761655
0.99518234
0.9633627
0.95537704
0.45165104
0.62440693
0.6782104
0.871952
0.19470103
0.95789176
0.99105513
0.58154786
0.8835608
0.95669067
0.8784623
0.50900584
0.9686988
0.9654205
0.9256676
0.8332916
0.491596
0.9463057
0.9419498
0.9357408
0.882506
0.98949873
0.9686415
0.9856996
0.7426939
0.80235296
0.9450955
0.66961145
0.9312988
0.7711444
0.14307348
0.96011275
0.9857647
0.97656167
0.9224662
0.98116267
0.8564971
0.27760392
0.9785355
0.96657604
0.4941661
0.7006067
0.9714354
0.95127106
0.98473847
0.96352226
0.831928
0.9947491
0.9794318
0.73722285
0.66559505
0.5035615
0.89018494
0.95196575
0.7645069
0.956607
0.9927286
0.9774129
0.08474563
0.37094867
0.5539912
0.96619684
0.7282781
0.7022679
0.9731093
0.9565442
0.8122803
0.748162
0.927069
0.52000046
0.8225511
0.9792893
0.9875931
0.4143675
0.9815446
0.92609954
0.9341893
0.7469661
0.50828785
0.97949535
0.9586082
0.8402979
0.96008736
0.92351305
0.9672235
0.920322
0.7352753
0.9727428
0.8432795
0.7479713
0.72948194
0.979933
0.85493714
0.9808092
0.9694177
0.9559376
0.9724253
0.98636496
0.95721626
0.9750719
0.05732901
0.35584155
0.6438166
0.9684852
0.8784107
0.23818713
0.9691796
0.97357595
0.97545743
0.98996896
0.93534553
0.86205333
0.9903346
0.8466642
0.7478861
0.9611754
0.9722286
0.8687042
0.9865216
0.86653775
0.78076327
0.99035865
0.6928898
0.56153566
0.9592914
0.6283663
0.7811128
0.79954404
0.7958184
0.92517686
0.23371403
0.88026094
0.98085976
0.96961033
0.23239201
0.9837531
0.37060952
0.09177457
0.37188032
0.9161963
0.990568
0.9828712
0.5917251
0.87703955
0.7214046
0.98615754
0.8718623
0.6512922
0.97394353
0.8743696
0.98841405
0.76507246
0.92141384
0.97708446
0.9660723
0.22993404
0.95460546
0.97011954
0.74426794
0.8337422
0.9874715
0.94527847
0.8630272
0.9567661
0.9949764
0.8145182
0.7973208
0.9416013
0.85927695
0.9886469
0.6315189
0.8897146
0.9646694
0.9566901
0.9007306
0.9742708
0.9150664
0.4958769
0.37048122
0.9337181
0.44857883
0.4916104
0.9112264
0.9902379
0.60974354
0.79788685
0.9596322
0.9271773
0.6335483
0.6799858
0.60920966
0.8483107
0.9193943
0.9189669
0.98498243
0.93585384
0.856364
0.8609794
0.911301
0.4335049
0.9272568
0.9818496
0.683747
0.71468747
0.9889892
0.84652156
0.8767277
0.9924198
0.94945276
0.3122136
0.9568864
0.98641855
0.9066123
0.9373623
0.88189876
0.88571984
0.9814363
0.98071885
0.97119427
0.9316477
0.9403512
0.8251286
0.3566429
0.8433937
0.9512645
0.9221937
0.95523
0.20493513
0.51871663
0.9411744
0.7604573
0.80408365
0.84502196
0.87205106
0.8572928
0.9335492
0.88349146
0.95182985
0.9819484
0.9203635
0.97943795
0.87999195
0.8359707
0.67990166
0.85956347
0.95647585
0.49216074
0.968073
0.5521396
0.9808518
0.8420571
0.9095491
0.8691715
0.9619359
0.9611837
0.949996
0.9875837
0.94656634
0.832821
0.98140955
0.92383355
0.9883238
0.8695217
0.593472
0.92413193
0.8785848
0.98584586
0.9775148
0.99860615
0.9611607
0.9761668
0.96665376
0.9430256
0.97485083
0.5301176
0.8003481
0.9088422
0.53195876
0.6313095
0.9573945
0.5077305
0.9399776
0.9861346
0.7906283
0.80100316
0.3436789
0.43267965
0.7540258
0.93513894
0.93569094
0.3895756
0.8426006
0.9289013
0.98703986
0.92220753
0.9800465
0.9651334
0.95530164
0.33267316
0.44009715
0.95589197
0.94211036
0.8251603
0.9439791
0.98861116
0.7303481
0.9767568
0.23328626
0.62119466
0.9413073
0.991738
0.7715845
0.9496866
0.95543516
0.7251969
0.91137105
0.9000432
0.9762626
0.84515655
0.3984335
0.9916549
0.87845856
0.96145827
0.9913794
0.17168981
0.9937284
0.9448135
0.9227805
0.7979176
0.8598119
0.5294705
0.8334936
0.7183587
0.9362856
0.69348425
0.97067183
0.52321965
0.9864144
0.2536999
0.6961897
0.9654115
0.9555303
0.6862179
0.7021035
0.9810197
0.9395653
0.9324646
0.8879455
0.9886897
0.95782596
0.7373694
0.768695
0.90075374
0.97297287
0.73971397
0.85642266
0.945384
0.7800537
0.92554104
0.98509616
0.9850176
0.9741538
0.4544336
0.4350093
0.98224133
0.98687345
0.964579
0.97929776
0.46126735
0.91751724
0.89555097
0.66040117
0.9143851
0.94965476
0.52167517
0.8690072
0.90006125
0.98002714
0.9244457
0.80590075
0.64681745
0.7057932
0.906083
0.9778838
0.40691996
0.9908501
0.9802781
0.9833233
0.8302836
0.87661
0.8931786
0.97969764
0.93723726
0.6931042
0.61454123
0.9657683
0.69138926
0.94767547
0.8864104
0.6627315
0.9288595
0.9017286
0.9664953
0.9906978
0.97895765
0.731642
0.2965057
0.827315
0.54196024
0.52907544
0.9451847
0.954506
0.98866314
0.79274875
0.9610286
0.9557022
0.98740655
0.9067444
0.9590377
0.97806454
0.96796036
0.9910324
0.95675904
0.69160545
0.93839014
0.9594597
0.747826
0.96523917
0.5707056
0.64897066
0.9336656
0.1576615
0.99348676
0.8383638
0.4211595
0.52731
0.5770497
0.973566
0.99108136
0.39827976
0.35247937
0.75806504
0.99458355
0.9525769
0.9483935
0.96148735
0.81691647
0.96720725
0.9898169
0.9845628
0.7971726
0.7897841
0.99079776
0.9519476
0.9721796
0.25879005
0.8771283
0.9336879
0.40728983
0.9033827
0.98959047
0.9722315
0.8051478
0.85242224
0.8280727
0.9738904
0.8712542
0.5305787
0.63282025
0.801892
0.94652444
0.90611166
0.92302334
0.49207944
0.9317932
0.9227862
0.94416034
0.9759847
0.70458674
0.99468225
0.97568715
0.981118
0.95367616
0.10193875
0.9806418
0.8548862
0.98493016
0.9409286
0.9831715
0.9379959
0.96200514
0.95417017
0.71518135
0.80865204
0.8315484
0.549476
0.9545352
0.21593124
0.7972303
0.77739906
0.7509693
0.9875873
0.39840096
0.62992424
0.9652051
0.9250699
0.9899558
0.8465847
0.98224455
0.9919574
0.90744257
0.9842553
0.8988617
0.8051526
0.9267311
0.9726389
0.8277949
0.73205984
0.9648121
0.9824786
0.9128861
0.56583804
0.8640638
0.97533154
0.64367247
0.85185117
0.9406033
0.8699345
0.9800546
0.8893216
0.7612298
0.35558105
0.98468244
0.96874744
0.5900397
0.9430606
0.9588665
0.9608486
0.9831486
0.93590057
0.9652488
0.7217016
0.97849756
0.8990443
0.991533
0.9718222
0.60520023
0.96626586
0.9897848
0.22282346
0.69989204
0.95258605
0.8007017
0.9092981
0.85961175
0.7346653
0.90878123
0.98647404
0.98507404
0.77328193
0.9435116
0.96817577
0.6539565
0.95403636
0.69296765
0.9830489
0.9859386
0.2061363
0.6347286
0.99176747
0.6861364
0.9829753
0.8636192
0.47208008
0.9100095
0.9643574
0.97225994
0.9394849
0.76889163
0.9523477
0.9713211
0.8571251
0.96765107
0.98352045
0.14758964
0.9098453
0.21975216
0.80080557
0.8621765
0.9233073
0.30491352
0.92421937
0.2648604
0.9793173
0.9829338
0.8975759
0.8855706
0.9448714
0.737373
0.9950027
0.9494075
0.92791927
0.91713667
0.9545869
0.9873618
0.953157
0.5516653
0.7227087
0.6162096
0.98269224
0.59354025
0.959975
0.98545176
0.93635535
0.96237653
0.7556888
0.9878048
0.36529016
0.98434997
0.93651056
0.7111048
0.7662266
0.93323547
0.98539597
0.8538311
0.9880057
0.7519706
0.9127092
0.9767859
0.91804534
0.5672031
0.99223185
0.96960855
0.9294093
0.7574128
0.9838021
0.5126187
0.9313752
0.94059825
0.97203445
0.98574674
0.022347506
0.2752488
0.4329023
0.9833546
0.9629487
0.92073447
0.96593606
0.96827465
0.98198515
0.9722045
0.033913128
0.2607833
0.9308526
0.75076556
0.9565199
0.8268786
0.9653566
0.8646293
0.98396355
0.83114016
0.98252124
0.99277276
0.8860141
0.9608635
0.9846101
0.95703906
0.91285866
0.9443263
0.7774598
0.69556326
0.8006391
0.9859255
0.46083844
0.8064673
0.96247125
0.9848437
0.9912525
0.6511327
0.97776353
0.75763357
0.9932254
0.791529
0.8351071
0.85408515
0.9941414
0.832186
0.9287395
0.9643632
0.92826426
0.78983897
0.9239192
0.9498425
0.9844029
0.86955756
0.9168298
0.8621976
0.9797468
0.6766932
0.94879425
0.75975
0.9825813
0.9915126
0.879948
0.32675448
0.93226373
0.9667885
0.9592409
0.9197657
0.72658527
0.9877472
0.94384784
0.9624237
0.9426527
0.800582
0.42257568
0.8356014
0.9390372
0.86669284
0.9900176
0.7366478
0.48146844
0.9888287
0.61858916
0.977432
0.994572
0.9429305
0.6305465
0.96874386
0.7422028
0.9394649
0.9692681
0.6841363
0.9900795
0.32283145
0.9530084
0.9626386
0.97536975
0.98009926
0.7536233
0.8638467
0.97187793
0.99314195
0.5398395
0.98843026
0.6597578
0.85246384
0.99289024
0.80449384
0.81953883
0.6851472
0.6880489
0.25418156
0.6909698
0.60599095
0.95718646
0.96165025
0.99447846
0.97652644
0.91323274
0.74069434
0.9533631
0.94380516
0.9818441
0.9591532
0.7964693
0.9360934
0.7402915
0.98261225
0.79317015
0.9772484
0.9889075
0.96240294
0.778723
0.92980605
0.98292106
0.88733304
0.769971
0.9802521
0.6318714
0.8583945
0.9154139
0.9616897
0.6427136
0.99061525
0.9102734
0.77352303
0.96783185
0.89080244
0.9430112
0.90206194
0.9769586
0.78529733
0.96673375
0.862577
0.36992067
0.9886332
0.027293611
0.96587044
0.29822803
0.9092446
0.7434579
0.98060924
0.31545985
0.9270716
0.74516606
0.9766079
0.97631204
0.9289455
0.31992772
0.98305213
0.9581079
0.79025453
0.74211067
0.967676
0.769014
0.94969267
0.8566876
0.96777636
0.20281538
0.7932151
0.94782954
0.8693122
0.8792375
0.9604069
0.99031353
0.48268414
0.99163634
0.46452326
0.89769495
0.90276504
0.9520858
0.9899873
0.99267524
0.89219725
0.8454281
0.53460956
0.7255345
0.9112543
0.93196326
0.8431878
0.42360127
0.69147426
0.9530972
0.94480777
0.5715309
0.9946765
0.8734788
0.9530979
0.9174409
0.88726014
0.99029
0.5691844
0.97303176
0.9812625
0.85189843
0.9157668
0.9908764
0.74330914
0.89430654
0.8699185
0.96794623
0.9558951
0.95595497
0.983135
0.854186
0.9541305
0.96061367
0.8006282
0.9862808
0.82192534
0.80733633
0.6440764
0.6396703
0.94909924
0.94546115
0.18072559
0.7539063
0.86925095
0.82691556
0.9919722
0.3958832
0.8520109
0.6220895
0.93552953
0.9808607
0.9787112
0.97994393
0.2733676
0.7721345
0.9821879
0.9216224
0.9304589
0.72480154
0.9580599
0.74252766
0.9790294
0.9775359
0.9858773
0.9771541
0.9201509
0.6138953
0.6094547
0.38362283
0.9900949
0.9851946
0.8385149
0.9222795
0.92243356
0.98604715
0.15550591
0.94011325
0.96189064
0.88832045
0.9876445
0.47253245
0.989207
0.95781285
0.9797301
0.8636779
0.43931043
0.90819603
0.75935966
0.8567555
0.8010327
0.95297736
0.9801543
0.90638816
0.752923
0.92814523
0.81509286
0.97566116
0.46415797
0.988299
0.9476599
0.9836655
0.9693769
0.72540414
0.8304621
0.8219109
0.99203414
0.23283532
0.67091185
0.9801048
0.87205416
0.98240316
0.84254897
0.6578761
0.9285169
0.98848116
0.9897071
0.8838153
0.9732378
0.9670683
0.96119505
0.9340172
0.9410315
0.37454098
0.9078882
0.6649374
0.76994187
0.87941605
0.98960614
0.98861116
0.88299084
0.89216805
0.82828957
0.923021
0.88515365
0.9392098
0.7565691
0.85972494
0.8421808
0.9077139
0.7432616
0.9199997
0.37283185
0.9658722
0.9152878
0.9842174
0.95381397
0.92361146
0.9049358
0.76093435
0.9856086
0.92679244
0.5416495
0.9505576
0.63309866
0.83447564
0.95648164
0.9256554
0.90367395
0.9713677
0.9266908
0.62143767
0.8727851
0.812922
0.9385629
0.9795975
0.8179954
0.7998099
0.97471595
0.9524581
0.82132083
0.5881036
0.9866476
0.9653017
0.9049658
0.9709826
0.94311243
0.9475114
0.8904202
0.97289824
0.98929906
0.95143634
0.9107158
0.975312
0.4569069
0.95295876
0.7732407
0.98270756
0.87405354
0.8501814
0.66008234
0.93505234
0.92847675
0.96838087
0.9181
0.965318
0.82996017
0.9852329
0.8283362
0.98012984
0.8052391
0.8904453
0.52404773
0.97412497
0.6146184
0.7412632
0.96510005
0.7344275
0.7784676
0.85599965
0.9781617
0.8688378
0.95818263
0.8129824
0.4680993
0.8241089
0.8536715
0.42674568
0.90316135
0.8872538
0.9879794
0.96815854
0.82718736
0.9537629
0.9755392
0.9169875
0.86453116
0.69564193
0.3609216
0.9634343
0.95130235
0.9878591
0.47204214
0.83310694
0.97286105
0.96687084
0.787405
0.968938
0.571278
0.98127145
0.35504684
0.97701365
0.9800693
0.9886967
0.96451545
0.9446168
0.933042
0.9085328
0.9917903
0.9806169
0.96703213
0.95853484
0.9578439
0.95122665
0.87507254
0.5957768
0.89301836
0.99261487
0.24367915
0.8160796
0.97210115
0.9049655
0.5192386
0.9871279
0.8445482
0.84429306
0.97579557
0.8197993
0.9741088
0.6851312
0.8271902
0.994418
0.95916593
0.97484905
0.938101
0.941684
0.9840702
0.9561526
0.9545831
0.94836414
0.8983046
0.97047025
0.9900979
0.93424624
0.5827299
0.9375982
0.9917747
0.8849294
0.45917332
0.9915063
0.9762748
0.94869435
0.5749848
0.90956414
0.9891565
0.9554557
0.8292715
0.38913557
0.9084567
0.98807865
0.92740476
0.98092884
0.61554754
0.82200783
0.94038737
0.9553095
0.9686507
0.85884535
0.079173274
0.9848615
0.8261686
0.9869912
0.96809065
0.5236746
0.89045906
0.9805902
0.9979266
0.9478363
0.97569877
0.71472883
0.23081557
0.89579237
0.0009883008
0.76679724
0.07664377
0.33462596
0.8779345
0.83452195
0.9466334
0.95630914
0.9886335
0.9513363
0.91000235
0.8488852
0.9274947
0.9654718
0.93025345
0.3556405
0.44702336
0.91905284
0.96595186
0.95133245
0.9254733
0.9544731
0.8531212
0.9037567
0.9184453
0.89728165
0.9757296
0.97480065
0.93638796
0.96063423
0.69471943
0.87556493
0.77755046
0.565111
0.9828839
0.9895578
0.97129446
0.9834937
0.54040134
0.37129727
0.96935767
0.41678858
0.7325097
0.9606622
0.52506715
0.97590524
0.87083614
0.90657955
0.5941068
0.9878055
0.9661638
0.7491689
0.8736313
0.74503976
0.96366316
0.522858
0.99176264
0.82044196
0.95823014
0.9369948
0.9872802
0.98790246
0.97725403
0.78143406
0.8850181
0.66867614
0.660134
0.936487
0.9899365
0.7901206
0.8283945
0.9895437
0.9813151
0.9562974
0.9655296
0.72266865
0.6567538
0.8889131
0.9010631
0.9730075
0.9197962
0.9574492
0.7714345
0.3440254
0.95386505
0.8985773
0.9614111
0.99332535
0.8189671
0.94032484
0.94606435
0.8683891
0.82324606
0.90598387
0.98623717
0.9910822
0.18096842
0.9754337
0.9754429
0.8391435
0.8746074
0.9357891
0.7932684
0.9859511
0.9703589
0.29142618
0.69891083
0.48904157
0.922673
0.99187917
0.9407551
0.9486561
0.98652273
0.95718175
0.7470312
0.9614076
0.7476377
0.97631204
0.736424
0.5392119
0.95832866
0.98122346
0.9444763
0.9948749
0.85435724
0.8948678
0.8680827
0.0042921333
0.9931942
0.98858577
0.14963068
0.97435457
0.9735841
0.9416331
0.9942561
0.69957507
0.81427944
0.9541353
0.7751643
0.93508965
0.98498476
0.46625873
0.16109185
0.97371566
0.9753947
0.6671511
0.93409723
0.93099195
0.9555917
0.8222984
0.95921975
0.95037675
0.6299417
0.75608313
0.9795846
0.9012207
0.9758756
0.98135215
0.98764753
0.89202875
0.9901211
0.9214427
0.9235754
0.9895291
0.9363894
0.94766015
0.9844034
0.9851474
0.9834252
0.980634
0.9893584
0.9337568
0.905081
0.9910868
0.98394763
0.96547633
0.89320546
0.9734996
0.85794395
0.95455235
0.9623728
0.9630241
0.94173056
0.9856592
0.77104396
0.70731634
0.80179495
0.90630853
0.93806344
0.8355332
0.8101482
0.6803336
0.639998
0.87509364
0.96826124
0.7973372
0.970447
0.9650122
0.97059005
0.6521326
0.9277854
0.97652537
0.94453394
0.97823536
0.9811602
0.8657677
0.8327084
0.1669349
0.92951685
0.03194989
0.99160165
0.43090755
0.8601189
0.9448927
0.8933137
0.72245634
0.7799879
0.66213727
0.808519
0.81678855
0.8793501
0.991557
0.6694414
0.7365487
0.83537096
0.96213084
0.93868613
0.9633072
0.891325
0.7234902
0.50460374
0.9318555
0.85560536
0.8565488
0.8614617
0.90790015
0.72965723
0.9247941
0.8989873
0.9412074
0.98699355
0.9699856
0.88075274
0.9047268
0.9759193
0.88090074
0.9827559
0.5305642
0.87238544
0.904647
0.99070007
0.7028376
0.8096585
0.5491037
0.7022371
0.986142
0.8987769
0.85803306
0.91850483
0.76874715
0.97454333
0.99076605
0.9776938
0.67898923
0.98898286
0.738995
0.852769
0.9356345
0.9269474
0.9361772
0.13894567
0.95233697
0.9703747
0.8432917
0.9649083
0.89929485
0.7665888
0.976794
0.73967797
0.8615499
0.9657345
0.8905174
0.91692364
0.8632308
0.9606143
0.3275693
0.061412115
0.9939168
0.8676172
0.93995684
0.20370667
0.63669753
0.9706326
0.35895
0.9592003
0.064615004
0.98181355
0.96006477
0.40256464
0.94990766
0.971301
0.948176
0.22402069
0.9419706
0.9851606
0.96686727
0.45441863
0.9637711
0.36105266
0.94266796
0.925528
0.98260856
0.97546196
0.9781948
0.88384527
0.8316382
0.85560614
0.98665756
0.976374
0.9532751
0.97622615
0.8867049
0.9512308
0.9522829
0.81244946
0.87267905
0.94780725
0.85002315
0.86326116
0.85542977
0.9797697
0.96917176
0.9915543
0.71333635
0.94182116
0.8777682
0.91733795
0.80624646
0.9098632
0.94378674
0.9809918
0.83923167
0.9637428
0.95302975
0.98471063
0.97993416
0.98513246
0.80192006
0.9117937
0.97296846
0.81165934
0.7297488
0.9717799
0.9030305
0.7636164
0.942106
0.9555734
0.9881876
0.97515
0.96442354
0.9959174
0.44260156
0.81968236
0.64724284
0.6300131
0.9776128
0.8204051
0.76088727
0.9641377
0.8225257
0.7454196
0.96337277
0.8725072
0.8407816
0.9090344
0.98979187
0.9432184
0.9114777
0.3249167
0.7675533
0.9249422
0.9158389
0.96219903
0.89585894
0.37833723
0.42828223
0.95020336
0.7694887
0.96431226
0.7729944
0.29589543
0.9458166
0.84386593
0.3747259
0.94991714
0.9717728
0.9828316
0.9120617
0.91604763
0.98139805
0.8148465
0.93326586
0.97170144
0.8515885
0.73278594
0.47209278
0.8190369
0.93833333
0.99262565
0.40517497
0.929561
0.91164976
0.87918246
0.48333535
0.98228747
0.8195089
0.9765925
0.75652635
0.98900247
0.98467964
0.9152313
0.8866435
0.98382264
0.66259605
0.86012095
0.42664075
0.48899212
0.6745262
0.8167076
0.99061006
0.9148502
0.9411714
0.9579828
0.99046725
0.8758183
0.44931197
0.82323104
0.57511187
0.97802895
0.9722907
0.4340235
0.9893516
0.9414862
0.7285795
0.9525922
0.98898774
0.99333584
0.8042235
0.9763416
0.94818664
0.4986779
0.8743816
0.94634676
0.22660488
0.7550964
0.7362642
0.967535
0.90622956
0.9681262
0.9812152
0.7684761
0.90955764
0.96475375
0.88344425
0.9919253
0.52683437
0.96071017
0.8823076
0.97749966
0.9336819
0.9890353
0.96508396
0.7416727
0.49316102
0.710312
0.6376684
0.5156895
0.91212
0.9819229
0.95514023
0.83679795
0.9855359
0.13023949
0.7265149
0.746237
0.870065
0.9598894
0.98331416
0.81980354
0.9178566
0.93913245
0.9892988
0.8664426
0.9557613
0.9877401
0.8622246
0.91470844
0.8243893
0.7348692
0.96292865
0.542816
0.8623567
0.8460882
0.6823487
0.968592
0.883594
0.9963199
0.2690223
0.8697649
0.9547242
0.86387384
0.90307105
0.99634415
0.5492644
0.6798172
0.8009606
0.89551157
0.96702385
0.9398988
0.9911646
0.34609717
0.63271976
0.8853203
0.99235183
0.3732796
0.89900213
0.38435698
0.98471177
0.9735154
0.91348284
0.58689266
0.9136511
0.4794629
0.9502624
0.9658594
0.9387381
0.9593525
0.7604792
0.8592893
0.4698623
0.025340922
0.57618475
0.89639217
0.9759529
0.96176845
0.4621623
0.87430584
0.9187054
0.9698747
0.5504414
0.97993565
0.9866643
0.9897299
0.60896945
0.9118067
0.80052686
0.97506446
0.8113328
0.7777389
0.98760647
0.51218706
0.4189127
0.6055146
0.95052797
0.92926085
0.6046184
0.9831654
0.6713315
0.8101932
0.9776062
0.5638861
0.989938
0.99006945
0.9814765
0.92933327
0.98564506
0.49180976
0.9197497
0.86134905
0.9134419
0.71148336
0.72262603
0.99033374
0.7869587
0.98284125
0.68765014
0.7345532
0.6896574
0.8806331
0.7364572
0.87866503
0.98587555
0.9194054
0.9566204
0.43283224
0.5643625
0.4739921
0.9420801
0.89625645
0.93471277
0.94610417
0.8213324
0.8519646
0.8064462
0.9915376
0.9117633
0.89567405
0.31606337
0.9835596
0.9860107
0.62830037
0.91490114
0.89224595
0.8671938
0.9897455
0.96461916
0.9432115
0.83569586
0.99566084
0.52549773
0.9859994
0.9324694
0.9682132
0.8956026
0.93893063
0.9719139
0.6949961
0.9324833
0.9829692
0.9867692
0.9235198
0.83458704
0.9555432
0.93378335
0.9573572
0.9349724
0.9676742
0.9378596
0.85394895
0.9685624
0.98622745
0.9862904
0.8453512
0.95734835
0.48050448
0.97870696
0.9203136
0.7870661
0.9780066
0.941572
0.84647995
0.9612005
0.8830958
0.99093455
0.8636011
0.7223432
0.9761519
0.7479811
0.93782884
0.74343306
0.90998
0.9712668
0.9814804
0.8079355
0.8074928
0.934866
0.9880639
0.8335759
0.97858137
0.8949819
0.94816315
0.9587034
0.88764983
0.9059933
0.9096176
0.9795847
0.98988944
0.9897181
0.9786704
0.98607117
0.89687467
0.5400179
0.7398036
0.91817325
0.7018251
0.91253185
0.09890308
0.9862948
0.9869316
0.9317747
0.97949106
0.9707273
0.8304955
0.9695742
0.9739532
0.9712714
0.98636836
0.4726931
0.98679334
0.86175144
0.8932934
0.97915375
0.97849476
0.9733333
0.21154715
0.07676686
0.96984214
0.9506494
0.8100228
0.9601785
0.99196845
0.9698714
0.9871859
0.98517716
0.8473746
0.25118467
0.9619294
0.9640469
0.9337777
0.12480597
0.63183975
0.9330429
0.76584506
0.76579523
0.8622106
0.90694094
0.9412627
0.83685905
0.86922115
0.7513059
0.98747
0.721118
0.8582145
0.9385472
0.9747345
0.98449796
0.98278344
0.94264984
0.98333687
0.9058793
0.63643605
0.6225328
0.9914419
0.942188
0.93313307
0.6347828
0.82101214
0.9673277
0.9265349
0.8439026
0.9903998
0.34993178
0.9826323
0.9605119
0.98974144
0.912381
0.5210116
0.9433621
0.9625792
0.8928338
0.9794215
0.9096308
0.97940916
0.9400373
0.79166335
0.52188987
0.6092355
0.98038805
0.9846458
0.98409444
0.98760694
0.944367
0.9607643
0.8573998
0.9043875
0.9686979
0.93166435
0.87662023
0.92302245
0.9715309
0.96288127
0.909792
0.93859005
0.620168
0.90981984
0.9898443
0.43488964
0.9780514
0.7529636
0.9897097
0.7573496
0.97914666
0.9914259
0.96342045
0.85058594
0.9667313
0.8652019
0.88667005
0.94773346
0.749421
0.87969714
0.81719476
0.8442006
0.88114434
0.87516713
0.99025005
0.9326818
0.9494478
0.9033738
0.8917035
0.98506826
0.91297424
0.9757606
0.60633576
0.56781393
0.9009231
0.90666395
0.94286406
0.98854977
0.94405454
0.8783797
0.9649371
0.94972193
0.4978952
0.91659874
0.93339455
0.98026377
0.8650014
0.9370929
0.8866684
0.9884567
0.96171457
0.82858974
0.9469493
0.91669446
0.93166775
0.45239624
0.20125262
0.7646763
0.8470528
0.7968331
0.71514076
0.9886282
0.97134924
0.8679911
0.92907953
0.9385308
0.9816367
0.97265923
0.96269935
0.97560877
0.8523075
0.3345191
0.991413
0.9879941
0.54137224
0.9750329
0.96974754
0.618508
0.9967892
0.9845902
0.9707635
0.67626244
0.56169695
0.67933977
0.96386635
0.9161683
0.9380307
0.76729363
0.95066476
0.91879624
0.5024707
0.972537
0.9644435
0.9253738
0.9608385
0.91342515
0.77514666
0.96997607
0.84464407
0.87390256
0.8644181
0.5294144
0.9919594
0.90974474
0.9579443
0.97049576
0.9795376
0.97756153
0.9544752
0.8756057
0.95886767
0.94980925
0.23735753
0.97833335
0.9785066
0.8863322
0.78394294
0.9044146
0.9712824
0.9854591
0.7712803
0.565167
0.8266636
0.25334194
0.5533214
0.99565095
0.96932787
0.42631656
0.94841397
0.98526543
0.937263
0.98382217
0.9418046
0.9907012
0.84445024
0.9169826
0.97253966
0.94628805
0.9794763
0.9733533
0.77352244
0.89987385
0.9426963
0.98303115
0.6814962
0.79009223
0.99280715
0.95291567
0.9689341
0.74453217
0.5190178
0.9225798
0.064598724
0.9219953
0.1623105
0.95131046
0.22173943
0.8822762
0.95482504
0.6248701
0.97650266
0.94612265
0.9859021
0.8996741
0.84380645
0.9749741
0.29805633
0.97505516
0.7994305
0.912394
0.93936884
0.082028665
0.9508604
0.36592054
0.9607241
0.98895746
0.940438
0.9074817
0.8232967
0.9106313
0.982756
0.9226981
0.1606928
0.9816004
0.861217
0.73654556
0.9593205
0.97894853
0.9870459
0.9500787
0.79809564
0.99081004
0.95599365
0.9815684
0.9720615
0.8601728
0.94027185
0.9598448
0.9351443
0.96785384
0.9062285
0.9705748
0.98875284
0.9816412
0.9129621
0.9647807
0.8972758
0.8578195
0.82468706
0.6935064
0.9756149
0.9762698
0.90450245
0.94436145
0.9823499
0.7798794
0.68011475
0.98496485
0.95721096
0.79384947
0.98841876
0.87715197
0.9085385
0.92431533
0.93175596
0.66344595
0.9231663
0.9402315
0.985274
0.9021729
0.57573026
0.944687
0.8485408
0.3113021
0.9881392
0.98806053
0.9496855
0.8322938
0.8986496
0.81277686
0.83501804
0.945374
0.52687687
0.9746799
0.93324304
0.90382046
0.66959804
0.8535193
0.87790436
0.2893446
0.96930903
0.9760922
0.9612466
0.9254331
0.6395118
0.9600076
0.83161634
0.85958225
0.98359364
0.75421333
0.41577375
0.976641
0.9139517
0.91506034
0.9341028
0.9865667
0.9418493
0.5162191
0.4800027
0.9338542
0.29603168
0.9405775
0.519312
0.75057596
0.9804566
0.90000284
0.9861779
0.982107
0.8797635
0.94569874
0.9250679
0.76074404
0.5996536
0.9809825
0.95239085
0.89878446
0.931284
0.96025795
0.98330724
0.78935707
0.9227313
0.9171134
0.95562345
0.98684573
0.8244645
0.83532387
0.93678844
0.9060709
0.94587857
0.31599754
0.9699967
0.56658417
0.9209492
0.8469669
0.5294561
0.950746
0.6416906
0.8339207
0.9603315
0.9534599
0.95188344
0.23940234
0.97359854
0.96552426
0.9365739
0.9479523
0.9636537
0.047412142
0.91169256
0.97716993
0.84532344
0.39436322
0.8864886
0.9617369
0.8480419
0.8647795
0.98781526
0.8648773
0.4428903
0.91019565
0.7939737
0.76910454
0.99356824
0.94779235
0.9877917
0.9172811
0.8424263
0.98783743
0.92312056
0.9457443
0.58654577
0.888871
0.8789977
0.94734657
0.9966247
0.96814996
0.9473164
0.9731231
0.95497954
0.9879409
0.9859935
0.7686007
0.90107316
0.9590601
0.30462408
0.61966354
0.955634
0.6467179
0.939252
0.98813987
0.9434685
0.9684408
0.830971
0.9838381
0.95737535
0.9838064
0.95194846
0.972787
0.840675
0.9307843
0.92770207
0.62508667
0.91183555
0.9183307
0.9864456
0.20929724
0.98332626
0.8438187
0.95062566
0.9869131
0.7720106
0.93236655
0.7076108
0.89795166
0.99441284
0.8311536
0.91143686
0.97499585
0.9199178
0.7500214
0.5067721
0.9500687
0.37515035
0.95178723
0.9685897
0.9815229
0.76549184
0.9270189
0.928755
0.962188
0.2675917
0.7042313
0.10206513
0.8217617
0.63796586
0.969774
0.9858645
0.9444865
0.9525419
0.8038444
0.8757949
0.9635123
0.8195886
0.89843464
0.91815937
0.98037267
0.9849938
0.7351759
0.9735692
0.97471267
0.9331819
0.9253013
0.94548184
0.52600926
0.60108596
0.9435842
0.80011344
0.9718383
0.96270853
0.9904039
0.4963288
0.23308842
0.98090494
0.59782237
0.7639241
0.8787685
0.9029131
0.7541488
0.29692173
0.9770208
0.39180112
0.9380024
0.9336735
0.7279332
0.6898666
0.86805606
0.9158169
0.37183613
0.9734421
0.362188
0.7385543
0.9850086
0.8183081
0.968211
0.630669
0.95297235
0.9680739
0.6171765
0.58399737
0.9723351
0.9823778
0.46045318
0.9259485
0.9742789
0.9800597
0.9805414
0.5704163
0.9124642
0.9691721
0.9749015
0.94862187
0.22896527
0.8324655
0.9744591
0.9931144
0.17887914
0.87001103
0.4848856
0.99003464
0.86729974
0.7817355
0.79381424
0.8347775
0.96803856
0.9664351
0.94518685
0.9447091
0.80170405
0.85252213
0.9827207
0.8761694
0.9619542
0.87646145
0.6828289
0.87933135
0.96687317
0.9672761
0.9012198
0.9488012
0.96857876
0.7019744
0.96129334
0.94774514
0.98799396
0.9515231
0.95567226
0.92604494
0.9550165
0.9856894
0.95396715
0.8666683
0.91960317
0.9047714
0.97577083
0.55699855
0.9790685
0.93438846
0.9853366
0.9345526
0.9230271
0.97820973
0.94056904
0.98968303
0.7698464
0.8886597
0.6631899
0.97615844
0.12810536
0.95006794
0.993299
0.9010592
0.91524905
0.93603384
0.9317699
0.9691552
0.8797404
0.89474326
0.94017565
0.9627221
0.81590486
0.95388144
0.9724711
0.98366976
0.48027346
0.9529243
0.93786585
0.95521027
0.8262659
0.98462623
0.76637757
0.9282666
0.9037186
0.9759664
0.9560589
0.9963212
0.6267597
0.22692776
0.71081334
0.97537893
0.7650993
0.94452757
0.8821155
0.90823174
0.61697423
0.9282444
0.63707155
0.9484673
0.9676463
0.7723682
0.5476217
0.96617794
0.9146438
0.9845227
0.9392362
0.97498894
0.95280063
0.9469187
0.97504485
0.98167336
0.9883199
0.86967874
0.60651135
0.95559114
0.89013
0.83228177
0.9830436
0.96177244
0.98945904
0.8201262
0.7142069
0.99152374
0.9458006
0.8878511
0.8251161
0.96578914
0.8138886
0.5903585
0.94578534
0.8875227
0.84194756
0.7850104
0.5142489
0.94989294
0.79227614
0.8926407
0.96390724
0.91403687
0.6334412
0.98642206
0.5531737
0.9759839
0.96744496
0.8639531
0.96942633
0.99121827
0.96915025
0.96497434
0.5999876
0.61817175
0.9722074
0.96321326
0.9533948
0.9849171
0.8204278
0.896391
0.9654875
0.9429147
0.80856097
0.9239491
0.95898753
0.8778352
0.7392153
0.9856477
0.36833614
0.87851083
0.95225006
0.96121687
0.729089
0.9152674
0.9834168
0.21014552
0.97923636
0.95016384
0.9469101
0.9605986
0.9937499
0.9214886
0.9801516
0.2342363
0.9422619
0.9909112
0.97763276
0.9818834
0.9680315
0.31516096
0.47119778
0.59211314
0.77669245
0.93607104
0.9962709
0.9813415
0.8247318
0.44214582
0.32535174
0.76176625
0.12611718
0.39802408
0.99119824
0.70117545
0.9670584
0.9890569
0.98940325
0.65480095
0.9912787
0.97299033
0.9728407
0.7638258
0.97828054
0.7384688
0.9288851
0.94992584
0.5073986
0.9681662
0.98468286
0.94224054
0.99039453
0.9925264
0.73720753
0.33559555
0.98792124
0.9424391
0.9902558
0.9559729
0.66778064
0.9857771
0.45664743
0.8101848
0.8936064
0.5251275
0.9152848
0.66567683
0.9894028
0.9770939
0.96536636
0.874008
0.84715366
0.72253525
0.9605863
0.83682656
0.4816391
0.9315554
0.9692564
0.9638924
0.9822642
0.82850873
0.95115924
0.05427689
0.919293
0.9114383
0.28833708
0.9745695
0.8452936
0.77646285
0.9829379
0.98105204
0.9438402
0.963597
0.88402504
0.739358
0.16844864
0.96833783
0.006570711
0.7342384
0.98761743
0.9610591
0.9880283
0.83952576
0.7738069
0.4875559
0.9062124
0.83962023
0.970169
0.9356798
0.9803807
0.86825216
0.6977222
0.9691338
0.9608691
0.86000085
0.98983055
0.24795339
0.7763094
0.26768023
0.9797941
0.98884916
0.8306369
0.9938759
0.89282143
0.97757053
0.8597512
0.93751806
0.88481826
0.33870494
0.85017294
0.8864448
0.97214013
0.97833955
0.63750833
0.97225076
0.99182886
0.8476512
0.976218
0.79945266
0.8156883
0.98268926
0.90810704
0.9855795
0.7955126
0.79439485
0.9692964
0.93674135
0.9253637
0.84103674
0.692361
0.9760719
0.51639843
0.8306919
0.63390106
0.93707216
0.9862692
0.98463225
0.9402237
0.92317075
0.7710355
0.8932905
0.9672113
0.3839005
0.97067475
0.99084294
0.8436105
0.72301877
0.89956295
0.8419658
0.87580687
0.8126764
0.9275271
0.8868005
0.89928764
0.97488314
0.3060627
0.9870812
0.9453712
0.9551833
0.19323258
0.90437657
0.69327164
0.98140186
0.27450883
0.96885115
0.69892037
0.9727012
0.991295
0.9561195
0.96078587
0.8202629
0.92428213
0.9789473
0.07452721
0.48657164
0.8316256
0.45531505
0.98881686
0.75247735
0.9561059
0.93885934
0.67260224
0.97162986
0.9712577
0.87977767
0.9109794
0.9541896
0.87500554
0.99204975
0.45706844
0.32009456
0.54183924
0.96985763
0.88211715
0.98270136
0.9746825
0.66895765
0.7677826
0.7606994
0.9803412
0.95875657
0.8375297
0.62535864
0.8652946
0.9551669
0.9842063
0.6339378
0.9323332
0.9790639
0.39344597
0.55939883
0.9199923
0.6654575
0.98164153
0.79322857
0.19556281
0.92891896
0.95974183
0.9801513
0.9025167
0.990449
0.96154743
0.89670646
0.7147699
0.9832818
0.8743465
0.83195823
0.98292726
0.94344
0.985952
0.919148
0.92557085
0.87384886
0.9938996
0.8864002
0.97921866
0.99266076
0.9715911
0.3884824
0.96564573
0.98978686
0.94717455
0.6744246
0.9006699
0.5720106
0.8299566
0.97962475
0.8097738
0.74569625
0.8785239
0.49800396
0.16169663
0.92252445
0.890941
0.9899046
0.99675757
0.5968788
0.972152
0.73941875
0.93940955
0.93911564
0.96914244
0.905289
0.9086345
0.699502
0.92792827
0.84515125
0.9107496
0.019937057
0.9725457
0.5914546
0.9919857
0.93768305
0.895719
0.90385544
0.9825836
0.95757073
0.96948594
0.84941274
0.77062917
0.9789988
0.98888654
0.80562437
0.0052007064
0.9603379
0.9615503
0.9931804
0.97643864
0.9512657
0.7021535
0.94562197
0.5777184
0.98221105
0.97703415
0.944239
0.78250414
0.6696059
0.39154372
0.81124437
0.81055665
0.5364768
0.95820284
0.16542894
0.9188778
0.6963724
0.39423442
0.9589028
0.35775685
0.9707818
0.97837853
0.46484005
0.86495626
0.88102746
0.9430683
0.9252795
0.98689306
0.30352733
0.94378495
0.988487
0.9530877
0.99153274
0.98410827
0.86517644
0.87434953
0.83026266
0.9728415
0.9748686
0.5474374
0.90307516
0.33049318
0.93176305
0.95164406
0.6174043
0.9710675
0.6847
0.9529921
0.62571436
0.98578495
0.9548867
0.91917825
0.96248066
0.9539549
0.9617396
0.89505243
0.9601064
0.6957117
0.7992468
0.93674815
0.28314215
0.5113041
0.95663816
0.97928065
0.29037812
0.9477993
0.7362707
0.9394813
0.911077
0.40816104
0.9870057
0.97811025
0.8888056
0.526715
0.9963276
0.9475663
0.9502306
0.89859134
0.9642656
0.82897985
0.40288532
0.98740107
0.8947064
0.084356934
0.958533
0.95889664
0.92405343
0.9591495
0.9766812
0.92818403
0.9700328
0.6117869
0.9114228
0.98429525
0.94521147
0.9587946
0.9922255
0.83831185
0.8828672
0.21836339
0.58122677
0.9770824
0.9951545
0.82552665
0.9713532
0.9887173
0.9846681
0.9691664
0.929307
0.40628958
0.93994105
0.98611766
0.8150979
0.93620473
0.8736978
0.97558355
0.98311585
0.921597
0.95439434
0.32902735
0.05755978
0.8250243
0.24635212
0.9797136
0.622842
0.8199459
0.6078571
0.9840769
0.36809644
0.9422804
0.9807835
0.018388258
0.9357041
0.49742305
0.93938303
0.2326604
0.94328606
0.70389736
0.74731326
0.908868
0.550913
0.98682064
0.8334012
0.47152284
0.96751827
0.969714
0.8384799
0.70042604
0.9236551
0.9767677
0.8495479
0.9018706
0.79915494
0.9463203
0.87120414
0.9915063
0.97281545
0.94773465
0.7065899
0.9473993
0.9142866
0.87646765
0.77138186
0.97984
0.946954
0.95819235
0.9823285
0.9805468
0.90089303
0.8808746
0.69513637
0.95272875
0.85667694
0.95567834
0.98674726
0.9570896
0.82362163
0.98842233
0.94637614
0.972828
0.9610745
0.9601475
0.8669256
0.78199166
0.65540457
0.98948485
0.9660163
0.96317476
0.9386251
0.9354202
0.9926772
0.51805794
0.97281647
0.73714423
0.8083987
0.62924314
0.97309214
0.9527559
0.33873263
0.76915073
0.9919869
0.9242284
0.95947015
0.94677734
0.31568062
0.90049934
0.9776199
0.966403
0.90488297
0.5114328
0.80908126
0.5135345
0.93921185
0.5552913
0.9880311
0.9539054
0.9004505
0.9528967
0.97654986
0.53083944
0.6054921
0.7634056
0.97944003
0.9627787
0.9925349
0.8084188
0.6074479
0.9006406
0.8276332
0.94228643
0.98512876
0.050798837
0.78963786
0.98484045
0.593863
0.9240562
0.96773773
0.73691994
0.87065566
0.9061753
0.97074705
0.7639274
0.20524865
0.6647568
0.97366816
0.73520726
0.9762356
0.9527849
0.7734135
0.9687232
0.9326605
0.9627989
0.9830699
0.6687456
0.9531088
0.9938871
0.95278805
0.97049946
0.9233086
0.6068727
0.97959673
0.33509147
0.32217923
0.79211104
0.8767162
0.9463996
0.9704231
0.9231925
0.9675163
0.7624711
0.51247424
0.8663284
0.9892942
0.6581772
0.955065
0.9209704
0.98874474
0.754854
0.97483194
0.69694436
0.91333747
0.98236185
0.41520512
0.15908982
0.9922563
0.513223
0.9877172
0.55950093
0.9803019
0.99417734
0.90802485
0.9667421
0.9463597
0.90629095
0.9480917
0.9818854
0.9043127
0.84629875
0.8004127
0.9702426
0.7803748
0.96119916
0.9129032
0.9617817
0.9288393
0.8554558
0.92417234
0.9754283
0.9709542
0.91265506
0.9804521
0.7558338
0.5315511
0.98032826
0.9683548
0.5663754
0.97979283
0.9930894
0.884998
0.6686892
0.3463123
0.99427974
0.95654774
0.85838526
0.8886758
0.97846836
0.98822
0.98480505
0.9201338
0.3197154
0.7731934
0.9814771
0.6913944
0.85817814
0.41370007
0.9607787
0.97229666
0.95261526
0.93356395
0.99373937
0.96354795
0.85388666
0.9620794
0.99097204
0.9756059
0.90256023
0.96071315
0.9691055
0.8344123
0.966958
0.85120887
0.99086726
0.9890407
0.9763232
0.87545335
0.96200407
0.94166225
0.92972535
0.97336674
0.9542244
0.90182227
0.93223506
0.9468191
0.8011516
0.9572318
0.81216854
0.95941615
0.9550253
0.4261507
0.9777548
0.9291951
0.9924102
0.98720247
0.9210408
0.96256053
0.9735956
0.9270344
0.2590571
0.96718174
0.90180063
0.98941374
0.87763
0.99064624
0.9673127
0.95848906
0.94717264
0.9727941
0.9821004
0.9523223
0.98900527
0.9399147
0.9885725
0.81115264
0.9602141
0.8303678
0.70968544
0.6557556
0.9339954
0.6493271
0.13639598
0.96404415
0.95955455
0.9888594
0.91224974
0.9851385
0.7987352
0.98683935
0.99499243
0.9113368
0.46105307
0.9857217
0.17879161
0.9903397
0.0025620393
0.9879759
0.95044386
0.50581384
0.6006239
0.7242117
0.3762874
0.94076306
0.8952117
0.939265
0.5272431
0.96170217
0.5278288
0.8399624
0.51451904
0.9830293
0.5731004
0.96548045
0.98440176
0.7947686
0.926774
0.9439712
0.9807937
0.96668786
0.9532991
0.56738585
0.9730075
0.9294082
0.2222585
0.90566033
0.62490886
0.9221792
0.9832791
0.9292696
0.8156794
0.825856
0.9609936
0.9371538
0.24769759
0.86755913
0.8228629
0.9777238
0.9445989
0.95916724
0.98673105
0.8198521
0.99086237
0.68347865
0.91920006
0.86767256
0.9015316
0.9316099
0.7634724
0.28285676
0.8795804
0.89360994
0.88222593
0.97946024
0.81387246
0.91010064
0.9493317
0.9223542
0.8932931
0.9763541
0.7026958
0.96595186
0.96544737
0.7090467
0.9701091
0.9615795
0.9829623
0.97823447
0.9744785
0.8047539
0.12751308
0.96823275
0.88763136
0.9745413
0.97549963
0.9794335
0.9884848
0.9777892
0.96372277
0.69359535
0.7084792
0.9286682
0.9771518
0.9966857
0.99185
0.9671339
0.9944186
0.9880189
0.8008089
0.6715434
0.4137084
0.8024748
0.92071885
0.9848445
0.96020484
0.92898077
0.94834614
0.38200048
0.95887446
0.9862213
0.92732376
0.86506355
0.96931833
0.78218377
0.97548825
0.5668287
0.87868756
0.95704776
0.7432505
0.8415302
0.7367137
0.89593834
0.89434737
0.9797092
0.9591283
0.2975463
0.29065892
0.8308877
0.8809182
0.9605763
0.98080266
0.9512457
0.92870617
0.9618151
0.5393675
0.97937655
0.92055774
0.9905964
0.95649385
0.9831776
0.98811454
0.7531938
0.5035196
0.9601716
0.90340406
0.27408338
0.91639334
0.93131566
0.9636967
0.82521796
0.002427601
0.98940593
0.05997159
0.9350849
0.9903576
0.8411549
0.9758055
0.93897885
0.9832775
0.81899816
0.41687652
0.9856345
0.94846535
0.47271365
0.43784374
0.96808606
0.94798905
0.99073243
0.9389535
0.85741836
0.9543661
0.8475067
0.9728914
0.7747239
0.9219461
0.6324291
0.9858817
0.984389
0.9907079
0.9665195
0.95091987
0.6541418
0.9427099
0.8393389
0.8205088
0.90861773
0.97698975
0.9803863
0.95466053
0.9434456
0.9034201
0.9062832
0.82024187
0.9408732
0.82482153
0.8685033
0.98799765
0.954832
0.8965353
0.98070705
0.8215241
0.98237324
0.19255544
0.81657904
0.9343922
0.8695095
0.8984326
0.81611407
0.77333564
0.9782209
0.97204125
0.74993485
0.96359456
0.9554026
0.8864968
0.8771931
0.9569815
0.9082012
0.8785363
0.11340765
0.5010549
0.90360254
0.59576744
0.9307156
0.9657169
0.38156414
0.9101996
0.9560295
0.83288467
0.5563564
0.9793251
0.9755914
0.98332626
0.8551898
0.14099997
0.8703958
0.6027013
0.18725133
0.8546351
0.6734204
0.9182814
0.9867747
0.4533476
0.89511424
0.53754693
0.37975717
0.0032723215
0.90158814
0.66953605
0.86746335
0.6872615
0.8845332
0.9824896
0.9777449
0.53876233
0.9920162
0.58216333
0.9285463
0.85366195
0.9551786
0.97863775
0.9479798
0.98300135
0.9915541
0.6188013
0.700798
0.6330491
0.96849537
0.98667395
0.35989887
0.8602357
0.5084927
0.96729606
0.776073
0.9834004
0.98032093
0.98390096
0.93793494
0.6901704
0.9490415
0.95768094
0.9665873
0.9125829
0.86958355
0.9159339
0.9858818
0.85127133
0.31285518
0.98387235
0.6732412
0.95186186
0.91104263
0.94620013
0.9039225
0.5990106
0.29664898
0.8964456
0.87097764
0.98823035
0.98166347
0.97334933
0.9767214
0.9782693
0.6910517
0.9522024
0.9121888
0.27592334
0.938698
0.60183024
0.9102125
0.9614006
0.8764425
0.8320304
0.96043146
0.9667572
0.6305908
0.98397356
0.9760035
0.8936969
0.8644656
0.87828445
0.9297364
0.9792946
0.8642297
0.9828524
0.96033514
0.9660727
0.99000776
0.9797411
0.95691174
0.98552805
0.08466594
0.8236694
0.97480077
0.7412403
0.9720508
0.8710211
0.9443461
0.97124815
0.9835449
0.93541205
0.55966204
0.9668892
0.7544239
0.96242106
0.94842064
0.9696577
0.5489438
0.65716916
0.95826644
0.79258037
0.9295806
0.94173616
0.8873361
0.9779925
0.84602135
0.837789
0.95024145
0.9652575
0.7976179
0.910947
0.39062813
0.6082673
0.9014969
0.99052155
0.9444804
0.45282507
0.0030585974
0.12544318
0.9569263
0.9156566
0.94103944
0.8727136
0.99234045
0.8870307
0.9894852
0.37894696
0.81130403
0.9417092
0.9464623
0.96113604
0.78401226
0.9773909
0.1281618
0.9519814
0.65821326
0.1936327
0.5701934
0.9791222
0.99800223
0.97818667
0.9305142
0.22627354
0.8577174
0.97353923
0.8413007
0.9703293
0.98362654
0.71414083
0.8903365
0.6130885
0.9457609
0.9893026
0.29227805
0.8267875
0.9314162
0.9907644
0.90343976
0.9703509
0.89947814
0.9814004
0.27163437
0.9912747
0.96982217
0.69010603
0.69154036
0.9928181
0.72172093
0.94703865
0.94116557
0.9884758
0.983986
0.0022589583
0.8650469
0.9849253
0.9663069
0.9500978
0.9892315
0.9744445
0.8710809
0.86695707
0.96366847
0.45509946
0.98208356
0.54977024
0.73741585
0.98002875
0.6980612
0.83433527
0.9573739
0.9832169
0.9884431
0.98104376
0.91162586
0.98717195
0.97747236
0.9597691
0.9754615
0.8719736
0.8535017
0.96653694
0.40684804
0.20793235
0.8372574
0.8325076
0.982441
0.9580749
0.9244181
0.6084423
0.9771828
0.5257866
0.83952576
0.92205536
0.9910644
0.9741193
0.7660029
0.7192582
0.959746
0.91942847
0.9360724
0.8047905
0.8454026
0.9533771
0.77029115
0.9800914
0.91676605
0.9487686
0.60027826
0.89650357
0.88678527
0.90785336
0.88919216
0.9628012
0.98939556
0.83889186
0.97546107
0.4086715
0.9869244
0.35391608
0.9295811
0.9905642
0.954275
0.8795998
0.9817137
0.9666021
0.84532857
0.89607865
0.2134124
0.28972718
0.9309759
0.88080823
0.8442334
0.9724095
0.9815145
0.78170884
0.81702316
0.79128575
0.20710208
0.96382105
0.52952963
0.8208419
0.8460282
0.9721819
0.8462785
0.93264806
0.9882442
0.8601751
0.9834168
0.95804757
0.25369087
0.9170123
0.98291355
0.9881594
0.68099344
0.93503535
0.96810883
0.88218826
0.5570255
0.7647586
0.9676308
0.9851834
0.9752127
0.9615718
0.60828376
0.7827188
0.987992
0.8204278
0.98064363
0.8268326
0.4549338
0.93346214
0.68308794
0.9559138
0.9196222
0.8940042
0.81700385
0.83937985
0.8771711
0.95908046
0.9928363
0.9558681
0.85233045
0.76882505
0.6667154
0.9945273
0.98142815
0.97143406
0.8833729
0.8488343
0.9814912
0.8373401
0.61127657
0.96331877
0.9666117
0.97333187
0.85595065
0.70145285
0.83538836
0.74534994
0.44790646
0.078889064
0.9411961
0.83024657
0.94252753
0.9730663
0.6274424
0.7071544
0.8205881
0.7597296
0.92912185
0.9184898
0.76016283
0.77419364
0.9302478
0.9357632
0.91229916
0.7613011
0.96591616
0.96111125
0.36796764
0.9750866
0.7711729
0.9389557
0.92294353
0.96392894
0.9347664
0.8445544
0.9904598
0.9850691
0.980055
0.21147741
0.58254904
0.93476915
0.98438305
0.78778446
0.98800707
0.8296287
0.94428724
0.9917842
0.98571324
0.6300915
0.9839034
0.2682518
0.9645327
0.38536143
0.9408386
0.98880833
0.9830542
0.9567712
0.91820025
0.7605755
0.4057126
0.78377146
0.87301886
0.9525442
0.92574817
0.62029666
0.5328681
0.9792301
0.98691726
0.0027083186
0.78824556
0.36441928
0.82251656
0.9948813
0.951159
0.98936
0.73420817
0.94738775
0.95631963
0.3221763
0.5723827
0.9763133
0.4479144
0.9841203
0.4118171
0.97383976
0.83501935
0.9911549
0.9447236
0.90296423
0.73023784
0.8904787
0.91890574
0.436661
0.9765663
0.82517403
0.99529284
0.98705715
0.8246906
0.65831226
0.9350236
0.9195608
0.98994243
0.95665914
0.9614863
0.90313447
0.6113965
0.9828182
0.9144055
0.94271237
0.9862309
0.98438317
0.8428728
0.8882494
0.8839287
0.16381988
0.98404586
0.58610255
0.1980408
0.69085974
0.99367696
0.84664214
0.96167916
0.9631543
0.96960765
0.98443663
0.8208284
0.91823316
0.925416
0.962718
0.5932587
0.82537067
0.97468466
0.7710429
0.98415285
0.8313321
0.974271
0.5727219
0.49690446
0.3589082
0.9906701
0.17696807
0.9375511
0.899895
0.9748204
0.8855243
0.64763093
0.97939646
0.93904847
0.6998112
0.7740782
0.7337376
0.70542854
0.7638682
0.7325627
0.63408285
0.9685337
0.9767469
0.94642633
0.9459759
0.9765707
0.8890627
0.9606
0.95764226
0.98816186
0.9053148
0.9546803
0.73683757
0.15361834
0.37481648
0.883398
0.9781658
0.6669853
0.39644933
0.9894847
0.9374486
0.92462206
0.64114994
0.9185896
0.6806501
0.6407944
0.39206982
0.81629854
0.80259573
0.9832999
0.76878905
0.8580741
0.9674645
0.91993606
0.7983342
0.9939849
0.94415486
0.86123073
0.7939176
0.9494676
0.091322094
0.75215626
0.96845144
0.54828894
0.97468454
0.9506723
0.97337705
0.9372219
0.78325766
0.9102641
0.94713616
0.9477519
0.93621457
0.7253515
0.61207277
0.9778592
0.7864802
0.98831975
0.9410032
0.88969105
0.9705869
0.4131002
0.7435197
0.9753906
0.9838658
0.8432491
0.519056
0.89086616
0.66248333
0.9783886
0.98835844
0.5871484
0.009062815
0.78674746
0.97008574
0.45294678
0.8713656
0.9827046
0.9858294
0.98179275
0.9387645
0.69211227
0.98183364
0.80591077
0.96503186
0.98446757
0.9535455
0.7740115
0.94230235
0.30235964
0.86152107
0.9078668
0.97470474
0.9602583
0.9128762
0.887108
0.96366405
0.97431666
0.88563555
0.9850771
0.7823451
0.9868334
0.91647017
0.9387119
0.9844317
0.8504218
0.9183462
0.7031164
0.9803771
0.9666621
0.8533832
0.9872979
0.8643709
0.91060424
0.92826515
0.82582724
0.90555686
0.886864
0.94860405
0.9728962
0.98827446
0.97513676
0.8062
0.98803663
0.4368305
0.89049405
0.87547857
0.9922736
0.6637764
0.82209975
0.9635816
0.8972903
0.9802414
0.9748598
0.8255346
0.9860663
0.7209318
0.98709226
0.97336847
0.98898506
0.90680075
0.84024477
0.20158085
0.80123943
0.9815802
0.93378365
0.98687345
0.9332429
0.9476501
0.72608864
0.831103
0.67053837
0.93426263
0.96854603
0.9452269
0.9469542
0.92616814
0.7675247
0.4477554
0.27743426
0.9659415
0.9389955
0.9584361
0.82128125
0.8663763
0.9500386
0.9487584
0.8449415
0.9632329
0.26731485
0.91045785
0.92642283
0.9693974
0.95351607
0.80159706
0.898174
0.66348696
0.9938665
0.65289545
0.6785626
0.8822403
0.8710802
0.9044471
0.87015957
0.89379656
0.9720873
0.18293345
0.8652628
0.71691334
0.9427771
0.48961037
0.9180349
0.77205145
0.48989177
0.97461545
0.9645715
0.92257845
0.82737696
0.54011744
0.6108536
0.9834909
0.9897205
0.9409707
0.8755446
0.564997
0.9021549
0.9411564
0.9368348
0.9751516
0.85594773
0.9028158
0.6475832
0.8250906
0.45127177
0.48137808
0.98808485
0.99092007
0.86914116
0.30536088
0.9524279
0.97997826
0.9760808
0.7190495
0.9811148
0.08964163
0.9859049
0.9805187
0.8242818
0.77900094
0.9380517
0.9690796
0.98310477
0.93786263
0.91494626
0.99020165
0.55600834
0.54515064
0.7269767
0.5281095
0.96100336
0.9861676
0.5878748
0.8695063
0.9786517
0.9534663
0.96608734
0.7526545
0.9560009
0.98989505
0.7640152
0.9949338
0.9003098
0.9916985
0.76337504
0.8955945
0.9492586
0.9264345
0.9493497
0.94247836
0.9894147
0.73883337
0.9230695
0.94949144
0.9315607
0.7404596
0.9704014
0.9850898
0.16310889
0.52000856
0.9208254
0.8963313
0.8873095
0.9655096
0.73137337
0.99192905
0.81288165
0.9924908
0.9521124
0.7696972
0.5196107
0.41337073
0.8259484
0.61396265
0.5312666
0.77818644
0.9264823
0.9879161
0.63740253
0.98218083
0.9597503
0.6926747
0.9393842
0.9438317
0.9829443
0.19453882
0.5964926
0.10688312
0.9851356
0.21264742
0.78664637
0.9556486
0.41808432
0.9294243
0.96871996
0.96348864
0.95286554
0.7445039
0.93879557
0.67732006
0.48223057
0.84715205
0.9673573
0.96810514
0.88214207
0.92029595
0.6502578
0.9964056
0.2768557
0.8949028
0.37095708
0.55061
0.98957205
0.98719156
0.8142176
0.9718694
0.9891972
0.8740618
0.38434035
0.7649247
0.95399624
0.73261595
0.938398
0.69383585
0.95507497
0.9220403
0.95123225
0.9467284
0.97926736
0.98284364
0.9579596
0.73291147
0.60420823
0.85074604
0.7020347
0.56088585
0.57593095
0.56526136
0.90759164
0.3964683
0.69185823
0.8338647
0.9872385
0.78695077
0.9774265
0.9588406
0.96634066
0.981964
0.98154896
0.96124893
0.8457992
0.954076
0.966057
0.6815656
0.99015045
0.95143354
0.8568401
0.9708345
0.95742166
0.9722304
0.9551694
0.20337205
0.65790176
0.9734814
0.9124983
0.96207255
0.3452899
0.9849533
0.84808457
0.98894113
0.61468214
0.94101936
0.983393
0.9406707
0.65998286
0.99167633
0.877625
0.99044025
0.8280405
0.929382
0.9803113
0.41794324
0.07639528
0.9833635
0.9157825
0.7490836
0.9116998
0.95120054
0.9697049
0.89924335
0.9732719
0.94025075
0.98504424
0.9374265
0.9806651
0.91498506
0.9327049
0.6697998
0.90343004
0.932115
0.96969897
0.97965723
0.9291485
0.9737874
0.7451088
0.9890168
0.93255496
0.98041797
0.9454664
0.5423255
0.9793689
0.9440368
0.49306202
0.9718622
0.67162985
0.854643
0.98518145
0.7918734
0.9829565
0.96940595
0.969102
0.7408994
0.9761953
0.9238887
0.56712157
0.80723435
0.48422644
0.7584723
0.97054
0.9803036
0.9554886
0.96314514
0.9715949
0.8687532
0.97889334
0.9512616
0.6470676
0.88969004
0.8922264
0.9532702
0.93090105
0.65815586
0.7001955
0.93236226
0.80849564
0.9219791
0.9059779
0.98342115
0.9528726
0.78279823
0.8079892
0.19495253
0.42523775
0.43348262
0.9610608
0.9102897
0.95772755
0.8698907
0.95350695
0.9864786
0.9232058
0.8913935
0.8792435
0.97179633
0.9821717
0.9776599
0.97899026
0.4427036
0.8901833
0.3973357
0.5592445
0.54163265
0.8873828
0.8656448
0.9490281
0.97180116
0.9927698
0.9860286
0.9445772
0.9566945
0.89365935
0.99032587
0.9760858
0.6541585
0.9587708
0.7457019
0.9817162
0.7811159
0.98443836
0.6575941
0.9800147
0.9051307
0.23876378
0.83376837
0.08722559
0.9664078
0.92969406
0.84676653
0.95613724
0.9626999
0.90637904
0.7903462
0.96548724
0.9115229
0.7514402
0.9762739
0.7276957
0.9752421
0.9674773
0.9360759
0.9847971
0.68867487
0.8643146
0.95489645
0.9352406
0.748795
0.8693914
0.89048666
0.96722376
0.73682934
0.98956573
0.9287913
0.9015783
0.21700819
0.96993554
0.97994345
0.6690072
0.5119761
0.93796945
0.7399956
0.9808771
0.990624
0.97431517
0.9888559
0.4253329
0.9876699
0.82315296
0.95780003
0.89074093
0.9712147
0.79437447
0.8425578
0.7399806
0.7461438
0.97433573
0.95437753
0.71441805
0.9810449
0.38683948
0.98403454
0.98224396
0.7466351
0.93252593
0.9769463
0.661903
0.96709657
0.77293575
0.97175634
0.982452
0.87616336
0.85377985
0.9373315
0.35210803
0.9860595
0.44187054
0.95993304
0.93635714
0.87473726
0.9674105
0.9401242
0.93280655
0.8552203
0.9549828
0.9833144
0.72473216
0.9470327
0.98654675
0.95034695
0.98478967
0.7732332
0.9867502
0.9952018
0.52881783
0.95001763
0.7642682
0.9051049
0.979003
0.97768253
0.8814104
0.8784946
0.8732286
0.97805095
0.8309141
0.93708783
0.9546536
0.98388267
0.98756415
0.75648534
0.46480235
0.41369542
0.70642596
0.9354537
0.4118551
0.80859685
0.86918765
0.8219685
0.970659
0.9651689
0.8893681
0.9277266
0.9653804
0.91946554
0.9261082
0.9660239
0.37266266
0.99090225
0.9845734
0.76354843
0.6026613
0.97734696
0.96696055
0.9934837
0.9875415
0.9761336
0.7618378
0.93180025
0.95033574
0.24731383
0.8636537
0.8732589
0.98575425
0.98731136
0.97713214
0.8274684
0.9907135
0.97462666
0.923811
0.8873785
0.84652096
0.9783398
0.89068985
0.0034015614
0.9657237
0.9858417
0.96038276
0.6813397
0.99271
0.8958977
0.9685278
0.9925655
0.9714446
0.967849
0.72547597
0.9340002
0.882827
0.9720986
0.95092267
0.53771585
0.98213804
0.6328003
0.42296696
0.9584162
0.4957921
0.96092045
0.7904126
0.98341656
0.9963819
0.8606343
0.7711852
0.87729245
0.9824979
0.89826524
0.892499
0.9868804
0.8771309
0.26926848
0.8870843
0.58117825
0.65019363
0.9822902
0.90080523
0.98920536
0.45730177
0.8811502
0.84133375
0.5676642
0.5581459
0.95475334
0.8032581
0.9860371
0.83159953
0.9894086
0.97501165
0.8642007
0.9607545
0.8890476
0.93253136
0.97775453
0.47637686
0.108696215
0.94726443
0.3426557
0.9620087
0.6208473
0.9044347
0.85553527
0.53084713
0.7175586
0.86140144
0.85077626
0.6658034
0.96628386
0.79367423
0.9837864
0.9475668
0.9250751
0.9332803
0.9938399
0.84633803
0.67006505
0.99149173
0.84495664
0.95378023
0.8396735
0.97217983
0.8762939
0.9907494
0.947986
0.97354907
0.8689902
0.459279
0.7499947
0.573071
0.8104556
0.78043175
0.8809091
0.8506093
0.83568376
0.7733151
0.8079289
0.8686389
0.93682224
0.9532935
0.6997715
0.9470657
0.9900747
0.9830564
0.5873184
0.95258963
0.7332063
0.42488793
0.9942121
0.6899137
0.9720153
0.9687386
0.9733787
0.91031003
0.98132735
0.8965465
0.67301476
0.93441784
0.9653404
0.8725296
0.3816389
0.5642197
0.7757469
0.5939934
0.6520277
0.9404857
0.71932536
0.2481395
0.8109561
0.8874602
0.9450991
0.9266622
0.9876035
0.98310107
0.96538824
0.97320044
0.3036668
0.90506846
0.9466245
0.9519776
0.9510571
0.7191492
0.2924053
0.90266883
0.62208873
0.9936447
0.7121238
0.9856963
0.92103976
0.27718294
0.9376411
0.5802318
0.9669867
0.963543
0.8744183
0.96072555
0.19650583
0.9760537
0.856822
0.90884626
0.9764739
0.96703434
0.59727186
0.8505872
0.93345517
0.7718524
0.9767666
0.9424029
0.45791754
0.96722555
0.97300386
0.8735215
0.9655857
0.71786654
0.8570783
0.5787835
0.97181165
0.66367155
0.7749218
0.8277936
0.9804832
0.95020735
0.97314507
0.9525802
0.67302835
0.8661976
0.9867207
0.8941287
0.9913325
0.8989138
0.9810605
0.6316218
0.98706496
0.9875014
0.96633667
0.9141018
0.97638345
0.83356047
0.78572553
0.8034903
0.8460307
0.9840486
0.820482
0.9349888
0.17308936
0.40350232
0.9568134
0.8475682
0.65019095
0.79729056
0.8977441
0.27238473
0.9914665
0.42959744
0.91311234
0.952598
0.9762856
0.9723594
0.61888707
0.55715257
0.9793218
0.97286755
0.37530234
0.91857654
0.97601116
0.95726776
0.97849977
0.49831146
0.9329828
0.97399515
0.56462425
0.9425303
0.9505417
0.89251703
0.91901
0.6041941
0.96154094
0.4235153
0.9605509
0.8390296
0.28105062
0.9774968
0.9479074
0.9873378
0.758458
0.9795558
0.9096881
0.98343015
0.963315
0.9907804
0.97084874
0.96266
0.8396891
0.8818523
0.89427453
0.96942824
0.96685547
0.9516574
0.9098382
0.9381498
0.7545459
0.1793042
0.9877413
0.7857717
0.89098614
0.8702341
0.7868278
0.9341741
0.960241
0.98973405
0.29026812
0.8867067
0.59223074
0.6919427
0.6973824
0.50329417
0.53438514
0.9263762
0.98012793
0.2607303
0.60978097
0.93719137
0.9424036
0.98648524
0.97794807
0.25000972
0.5288034
0.94305646
0.917956
0.98818934
0.9172488
0.98760635
0.9648811
0.98727137
0.823948
0.9898023
0.9571868
0.81532717
0.9297872
0.97256505
0.75197655
0.9831549
0.994689
0.9863516
0.35256314
0.99619246
0.8318823
0.85188305
0.76546293
0.72112304
0.991573
0.9607194
0.8760857
0.7930783
0.97144294
0.3235317
0.8471143
0.7670993
0.8347774
0.95745456
0.9860146
0.7972702
0.0052290424
0.89464116
0.7219207
0.4369449
0.79864615
0.9327878
0.55674446
0.9922644
0.6874663
0.97484076
0.9867352
0.73594236
0.5902631
0.16489793
0.8724417
0.98068523
0.979836
0.87424856
0.985735
0.9180763
0.96715784
0.8775447
0.9591362
0.9942384
0.91354334
0.8815346
0.93049926
0.9871156
0.32997504
0.9408261
0.7909109
0.97046214
0.9602928
0.99149925
0.9742634
0.8371992
0.44991782
0.9725795
0.9837855
0.29397053
0.95900637
0.9827283
0.911769
0.93007624
0.6707093
0.9216466
0.893423
0.8934336
0.042739294
0.67204297
0.9582864
0.9638786
0.79936236
0.5103129
0.75990444
0.7348549
0.7040843
0.93422866
0.18017396
0.6158471
0.9857534
0.8925482
0.9900935
0.6440667
0.97546273
0.8408968
0.9678581
0.47917774
0.9391731
0.87137514
0.88285226
0.98373103
0.9101498
0.9598824
0.10592167
0.9625944
0.9145061
0.44005197
0.45320818
0.9956867
0.7632414
0.95758975
0.9851666
0.9912369
0.5599286
0.943496
0.8586582
0.24081004
0.93876153
0.97201115
0.9323601
0.78640777
0.98687774
0.89440686
0.942856
0.9832949
0.9710832
0.91480637
0.9265481
0.9042057
0.93823826
0.93467444
0.9908539
0.84260416
0.9798513
0.99088156
0.74999803
0.90189487
0.9159058
0.9641191
0.6249803
0.9741983
0.935287
0.97052044
0.9105117
0.97930694
0.95270497
0.98439264
0.9093951
0.81779194
0.950758
0.9708368
0.98453045
0.93913203
0.9017038
0.61380464
0.9739248
0.7438131
0.9418224
0.9339488
0.916773
0.94575346
0.965537
0.78801405
0.8131715
0.90502775
0.96232486
0.6252006
0.9696296
0.9550801
0.9652244
0.72852814
0.98503256
0.9841994
0.98673266
0.9794775
0.7586048
0.97830385
0.95283544
0.8478939
0.95638853
0.996983
0.878399
0.7770443
0.9580063
0.6740191
0.72190374
0.9743105
0.8842308
0.9851753
0.55258393
0.97984743
0.9159407
0.63590693
0.77018756
0.59444624
0.9227328
0.97914064
0.9607726
0.9700817
0.97722834
0.9542775
0.9758824
0.20608452
0.971626
0.6567551
0.9666876
0.9432485
0.7624683
0.7631283
0.98589534
0.9502039
0.9822171
0.74563766
0.9344933
0.895212
0.6756472
0.94515073
0.97506565
0.92695725
0.9960162
0.9695304
0.40744928
0.9620956
0.9483891
0.6776131
0.8512397
0.8799826
0.32183775
0.71323276
0.9855964
0.8879548
0.9825356
0.6774885
0.9116847
0.9299885
0.068091735
0.9490795
0.9423003
0.7717906
0.96660656
0.8289643
0.99124336
0.6308693
0.8926007
0.94673276
0.99189585
0.9916015
0.63889635
0.8103404
0.91636133
0.9809951
0.98266083
0.8072918
0.8516489
0.9773038
0.84250474
0.741329
0.6931649
0.96222323
0.8311542
0.73563075
0.9753042
0.9872901
0.914549
0.97452116
0.643222
0.93376005
0.36536023
0.79310966
0.9693578
0.95292217
0.6540727
0.9944788
0.8672099
0.08193682
0.9880739
0.91070503
0.9550514
0.98565733
0.8526436
0.35853595
0.66376245
0.98593336
0.27630323
0.954209
0.7592889
0.45210472
0.9791798
0.7806402
0.75983065
0.93473506
0.9276888
0.9823699
0.87452096
0.9687788
0.9625182
0.63696855
0.5790568
0.2805397
0.95090824
0.9679814
0.95579094
0.94680715
0.9617194
0.8702679
0.95179987
0.87810224
0.9855893
0.21092845
0.41947445
0.8968798
0.90467596
0.89133275
0.93597555
0.94411117
0.65530306
0.9538052
0.12639567
0.979444
0.9814994
0.9079668
0.9325384
0.7840352
0.9044447
0.9617822
0.9587841
0.9664109
0.9909667
0.91996825
0.9700884
0.98059124
0.75126696
0.8102098
0.6246545
0.39741346
0.98296726
0.9687743
0.67190826
0.9221629
0.89399654
0.95469356
0.37326226
0.9828096
0.97280246
0.9483219
0.93411636
0.99342453
0.7132631
0.9477032
0.98331255
0.939076
0.9679032
0.80394745
0.91616714
0.9882023
0.98579425
0.8371312
0.9817245
0.76276076
0.8808878
0.7317556
0.95430976
0.99026686
0.9843775
0.98754466
0.684687
0.9158046
0.72648567
0.92786
0.9876559
0.68286556
0.9922208
0.964921
0.9940064
0.6200354
0.74270487
0.98647356
0.84585184
0.73182887
0.9851296
0.789145
0.97994274
0.94170034
0.98127985
0.96930444
0.9713524
0.98846984
0.99110717
0.7994737
0.49532488
0.94002205
0.96215534
0.78350085
0.7742038
0.78806806
0.33729333
0.9755248
0.43245643
0.91702205
0.8895209
0.49671158
0.99077433
0.86851305
0.7799002
0.34612218
0.63651353
0.86254215
0.8972367
0.9649201
0.7406917
0.9830497
0.9221095
0.7824899
0.93396515
0.9747999
0.6579022
0.43389112
0.9852246
0.9830497
0.64702624
0.7742483
0.95828646
0.9429493
0.6980257
0.41753587
0.8146044
0.89337593
0.5611368
0.9504796
0.38744238
0.95651186
0.92271125
0.21169095
0.8983272
0.6155164
0.7356495
0.91124165
0.589648
0.9387127
0.6751248
0.922979
0.53387964
0.7139687
0.9695333
0.5908299
0.8895224
0.91067916
0.9903521
0.99170446
0.9040375
0.92447436
0.9160609
0.9780887
0.95220715
0.87373686
0.9674877
0.9312523
0.9282817
0.9616461
0.96295863
0.9413594
0.74429035
0.92862093
0.967227
0.41201398
0.92206407
0.89966667
0.9350473
0.7773821
0.21369301
0.66027004
0.8977714
0.9194013
0.8900914
0.98594284
0.0010497841
0.7858138
0.7962515
0.55611044
0.7326293
0.9359339
0.94905436
0.9708114
0.5558095
0.077316515
0.9771253
0.94941247
0.9244614
0.9726184
0.9740034
0.9128078
0.9278273
0.005992065
0.9837059
0.8748892
0.9592768
0.9136938
0.8999906
0.8549644
0.9709348
0.9067469
0.9157943
0.95694906
0.9318141
0.7617294
0.7616629
0.97724426
0.9755297
0.9163622
0.8293706
0.70267284
0.9901462
0.91757655
0.9184886
0.5853408
0.7308819
0.5672797
0.91324854
0.35385862
0.7787355
0.97421616
0.848494
0.9794166
0.653869
0.98880565
0.9734117
0.9081564
0.7488958
0.7884233
0.8783451
0.89733297
0.78212833
0.67291874
0.0030518875
0.41177607
0.9349125
0.21876238
0.88695
0.96334326
0.95489275
0.3074445
0.98923373
0.9072785
0.8626984
0.61781573
0.5208554
0.9854813
0.40706745
0.9013663
0.69943845
0.91136724
0.9945878
0.93256545
0.9728549
0.42837456
0.981406
0.9852948
0.9870663
0.39806575
0.9429459
0.88645136
0.87995756
0.98899555
0.8259716
0.833537
0.73853344
0.9718166
0.9273245
0.8504103
0.8697851
0.8899594
0.9567727
0.82370454
0.96377265
0.85455215
0.97792596
0.86018044
0.7106484
0.9640198
0.91733927
0.98176366
0.9544354
0.98862714
0.89113003
0.9333637
0.99030066
0.79590726
0.9892492
0.97209114
0.9652384
0.98678523
0.952047
0.6931542
0.75577956
0.98825955
0.8704463
0.9872127
0.7664676
0.67167073
0.6531246
0.9807389
0.9892866
0.8918492
0.9808749
0.955723
0.9656764
0.9910445
0.9696527
0.8412173
0.8773546
0.9646092
0.9370672
0.58312356
0.4124045
0.9037103
0.933064
0.9503157
0.75755554
0.90723705
0.9669725
0.38243884
0.5117222
0.938315
0.94196784
0.7609517
0.9272743
0.9785694
0.88743275
0.9742788
0.9708561
0.8279581
0.98295903
0.7256345
0.84906065
0.9297068
0.70111626
0.9771314
0.94513416
0.96759593
0.92425686
0.9772006
0.27210262
0.6971123
0.91117054
0.6773841
0.95169294
0.97390467
0.9576841
0.87421787
0.6646766
0.97210795
0.97674817
0.95695335
0.95805466
0.9634234
0.98531914
0.9526276
0.87943447
0.9651828
0.15925226
0.8886353
0.97698385
0.69675034
0.7172081
0.7206807
0.82581943
0.21807343
0.95220286
0.9501001
0.56175023
0.8882871
0.7021355
0.93774235
0.9406587
0.87714696
0.9221053
0.8594668
0.72792697
0.92709893
0.87991333
0.6380568
0.8795207
0.82932425
0.9827899
0.9035885
0.488698
0.94899476
0.9528965
0.9756974
0.9744118
0.9735839
0.62501234
0.9102998
0.8848341
0.09920255
0.36240003
0.9943711
0.80134684
